[info]
speed	180
torque	/
position	/
gravity	/
termination type	/
termination val	/
stopmode	/
pause	/
[SetUp]	/
anatomical zero	/
mov1	/
mov2	/
end position	/
scale values	/
max GET mov1	/
max GET mov2	/
[filter]	/
filter	/
[markers by index]	/
move 1	/
move 2	/
max power start	/
max power end	/
	/
[data]
2.03082	15.13782	-59.88
2.52858	15.93444	-59.819
2.52858	15.13782	-59.761
2.77746	15.13782	-59.703
2.2797	15.13782	-59.645
2.52858	15.53562	-59.586
2.52858	15.13782	-59.528
2.2797	15.53562	-59.468
2.77746	15.13782	-59.411
2.52858	15.13782	-59.353
2.52858	15.13782	-59.295
3.02736	15.53562	-59.235
2.52858	15.13782	-59.177
3.02736	15.53562	-59.118
3.02736	15.13782	-59.06
3.02736	15.53562	-59
2.77746	15.13782	-58.942
3.02736	15.13782	-58.884
2.77746	15.53562	-58.825
2.77746	15.13782	-58.767
2.77746	15.13782	-58.709
2.52858	15.53562	-58.649
2.77746	15.53562	-58.59
3.02736	15.13782	-58.532
2.77746	14.739	-58.475
2.77746	15.13782	-58.417
2.77746	15.53562	-58.358
2.52858	15.53562	-58.298
2.52858	15.53562	-58.239
2.77746	15.13782	-58.181
2.77746	15.13782	-58.123
2.77746	15.13782	-58.065
2.52858	15.13782	-58.007
2.77746	15.13782	-57.949
2.2797	15.53562	-57.89
2.52858	15.53562	-57.83
2.52858	15.53562	-57.771
2.52858	15.13782	-57.713
2.52858	15.13782	-57.655
2.2797	15.13782	-57.597
2.2797	15.13782	-57.539
2.2797	15.53562	-57.479
2.03082	15.53562	-57.42
2.03082	15.13782	-57.362
2.2797	15.53562	-57.302
2.03082	14.739	-57.246
1.78194	15.53562	-57.186
1.78194	15.13782	-57.128
1.78194	15.53562	-57.069
1.78194	15.13782	-57.011
2.03082	15.53562	-56.951
2.03082	15.13782	-56.893
2.03082	15.13782	-56.835
1.53306	15.13782	-56.777
1.53306	15.53562	-56.718
1.53306	15.53562	-56.658
1.78194	15.13782	-56.6
1.53306	15.13782	-56.542
1.53306	15.13782	-56.485
2.03082	15.13782	-56.427
1.78194	15.53562	-56.367
1.78194	15.13782	-56.309
1.78194	15.93444	-56.248
2.03082	15.13782	-56.19
2.03082	15.13782	-56.132
1.78194	14.739	-56.076
2.03082	15.13782	-56.018
2.03082	15.53562	-55.958
2.03082	15.53562	-55.899
2.03082	15.53562	-55.839
2.03082	15.13782	-55.781
1.78194	15.53562	-55.722
2.03082	14.739	-55.665
1.78194	15.53562	-55.606
1.53306	15.13782	-55.548
1.53306	15.13782	-55.49
1.53306	15.53562	-55.43
1.78194	15.53562	-55.371
1.78194	15.13782	-55.313
1.53306	15.13782	-55.255
1.78194	15.53562	-55.195
1.53306	15.13782	-55.137
1.53306	15.13782	-55.079
1.28418	15.53562	-55.02
1.28418	15.13782	-54.962
1.53306	15.53562	-54.903
1.03428	15.13782	-54.845
1.28418	15.53562	-54.785
1.53306	15.13782	-54.727
1.28418	15.13782	-54.669
1.28418	15.13782	-54.611
1.03428	15.13782	-54.553
1.28418	15.53562	-54.494
1.28418	15.53562	-54.434
1.28418	15.53562	-54.375
1.28418	15.13782	-54.317
1.28418	15.13782	-54.259
1.53306	15.13782	-54.201
1.53306	15.13782	-54.143
1.28418	15.53562	-54.083
1.53306	15.13782	-54.025
1.28418	15.53562	-53.966
1.53306	15.13782	-53.908
1.53306	15.13782	-53.85
1.28418	15.13782	-53.792
1.28418	15.53562	-53.732
1.53306	15.13782	-53.674
1.53306	15.53562	-53.615
1.53306	15.13782	-53.557
1.78194	15.53562	-53.497
1.28418	15.13782	-53.44
1.53306	15.13782	-53.382
1.28418	15.13782	-53.324
1.53306	15.93444	-53.263
1.78194	15.13782	-53.205
1.53306	15.13782	-53.147
1.53306	15.13782	-53.089
1.53306	15.13782	-53.031
1.78194	15.53562	-52.971
1.53306	15.13782	-52.913
1.78194	15.53562	-52.854
1.78194	15.13782	-52.796
1.28418	15.13782	-52.738
1.28418	15.53562	-52.678
1.28418	15.13782	-52.62
1.28418	15.13782	-52.562
1.28418	15.53562	-52.503
1.03428	15.13782	-52.445
1.53306	15.53562	-52.385
1.28418	15.13782	-52.327
1.28418	15.13782	-52.269
1.78194	15.13782	-52.211
1.28418	15.53562	-52.152
1.78194	15.13782	-52.094
1.53306	15.53562	-52.034
1.53306	15.53562	-51.975
1.53306	14.739	-51.919
1.53306	15.13782	-51.861
1.53306	15.53562	-51.801
1.53306	15.13782	-51.743
1.53306	15.53562	-51.684
1.53306	15.53562	-51.624
1.53306	15.13782	-51.566
1.53306	15.13782	-51.508
1.78194	15.53562	-51.449
2.03082	15.13782	-51.391
2.03082	15.13782	-51.333
1.78194	15.13782	-51.275
2.03082	15.53562	-51.215
1.53306	15.53562	-51.156
2.03082	15.13782	-51.098
1.78194	15.13782	-51.04
1.78194	15.13782	-50.982
2.03082	15.53562	-50.922
1.78194	15.13782	-50.864
1.78194	15.53562	-50.805
1.78194	15.13782	-50.747
2.03082	15.13782	-50.689
1.53306	15.53562	-50.629
2.03082	15.13782	-50.571
2.03082	15.13782	-50.514
2.03082	15.53562	-50.454
2.03082	15.13782	-50.396
1.53306	15.13782	-50.338
1.53306	15.53562	-50.279
1.78194	15.53562	-50.219
1.53306	15.13782	-50.161
1.78194	15.13782	-50.103
1.78194	15.13782	-50.045
1.53306	15.53562	-49.986
1.28418	15.13782	-49.928
1.53306	15.13782	-49.87
1.28418	15.53562	-49.81
1.53306	15.13782	-49.752
1.03428	15.53562	-49.693
1.28418	15.13782	-49.635
1.28418	15.13782	-49.577
1.03428	15.53562	-49.517
1.03428	15.53562	-49.458
1.03428	15.13782	-49.4
1.03428	15.13782	-49.342
0.7854	15.13782	-49.284
0.7854	15.53562	-49.224
0.7854	15.53562	-49.165
1.03428	15.13782	-49.107
1.03428	15.13782	-49.049
0.53652	15.13782	-48.991
0.28764	15.13782	-48.933
0.28764	15.53562	-48.874
0.28764	15.53562	-48.814
0.53652	15.53562	-48.755
0.03876	14.739	-48.698
0.28764	15.13782	-48.64
0.03876	15.53562	-48.581
-0.21012	15.13782	-48.523
-0.21012	15.53562	-48.463
0.03876	15.13782	-48.405
0.03876	15.53562	-48.346
0.28764	15.13782	-48.288
0.03876	15.13782	-48.23
0.28764	15.13782	-48.172
0.03876	15.53562	-48.112
0.03876	15.13782	-48.054
-0.21012	15.53562	-47.995
0.28764	15.13782	-47.937
0.28764	15.53562	-47.877
0.28764	15.13782	-47.819
0.03876	15.13782	-47.761
-0.21012	15.13782	-47.703
0.03876	15.53562	-47.644
0.03876	15.53562	-47.584
0.03876	15.13782	-47.526
0.28764	15.13782	-47.468
-0.21012	15.13782	-47.411
-0.21012	15.53562	-47.351
-0.21012	15.13782	-47.293
-0.21012	15.53562	-47.234
0.03876	15.13782	-47.176
-0.21012	15.13782	-47.118
0.03876	15.13782	-47.06
0.03876	15.53562	-47
0.03876	15.53562	-46.941
-0.21012	15.13782	-46.883
0.03876	15.13782	-46.825
-0.21012	15.13782	-46.767
0.03876	15.53562	-46.707
0.28764	15.13782	-46.649
-0.21012	15.13782	-46.591
0.03876	15.53562	-46.532
-0.21012	15.13782	-46.474
-0.21012	15.53562	-46.414
0.03876	15.13782	-46.356
0.03876	15.13782	-46.298
-0.21012	15.53562	-46.239
0.03876	15.13782	-46.181
-0.21012	15.13782	-46.123
0.03876	15.53562	-46.063
-0.21012	15.13782	-46.005
-0.21012	15.53562	-45.946
0.03876	15.13782	-45.888
-0.21012	15.13782	-45.83
0.03876	15.53562	-45.771
0.28764	15.13782	-45.713
-0.21012	15.13782	-45.655
0.28764	15.13782	-45.597
-0.21012	15.53562	-45.537
0.03876	15.53562	-45.478
0.28764	15.13782	-45.42
0.53652	15.13782	-45.362
0.28764	15.53562	-45.302
0.28764	15.13782	-45.244
0.28764	15.13782	-45.186
0.7854	15.53562	-45.127
0.53652	15.53562	-45.067
0.7854	15.13782	-45.009
0.7854	15.13782	-44.951
1.03428	15.13782	-44.893
1.53306	15.53562	-44.834
1.03428	15.13782	-44.776
1.53306	15.13782	-44.718
1.53306	15.53562	-44.658
1.28418	15.53562	-44.599
1.78194	15.13782	-44.541
1.53306	15.13782	-44.483
1.78194	15.13782	-44.425
1.78194	15.13782	-44.367
2.03082	15.53562	-44.308
2.2797	15.53562	-44.248
2.03082	15.13782	-44.19
2.2797	15.13782	-44.132
2.2797	15.53562	-44.073
2.2797	15.13782	-44.015
2.52858	15.13782	-43.957
2.2797	15.53562	-43.897
2.77746	15.13782	-43.839
2.2797	15.53562	-43.78
2.52858	15.13782	-43.722
2.77746	15.13782	-43.664
2.52858	15.53562	-43.604
2.52858	15.13782	-43.546
2.2797	15.13782	-43.488
2.52858	15.53562	-43.429
2.77746	15.53562	-43.369
2.77746	15.13782	-43.311
2.52858	15.53562	-43.252
2.52858	14.739	-43.195
2.52858	15.53562	-43.136
2.52858	15.13782	-43.078
2.52858	15.53562	-43.018
2.52858	15.13782	-42.96
2.2797	15.53562	-42.901
2.2797	15.13782	-42.843
2.52858	15.13782	-42.785
2.52858	15.13782	-42.727
2.2797	15.53562	-42.668
2.52858	15.53562	-42.608
2.52858	15.13782	-42.55
2.52858	15.13782	-42.492
2.52858	15.13782	-42.434
2.77746	15.53562	-42.375
2.77746	15.13782	-42.317
2.52858	15.53562	-42.257
2.77746	15.53562	-42.198
2.77746	15.13782	-42.14
2.52858	15.13782	-42.082
2.52858	15.13782	-42.024
2.2797	15.13782	-41.966
2.52858	15.53562	-41.906
2.52858	15.13782	-41.848
2.2797	15.53562	-41.789
2.2797	15.53562	-41.729
2.52858	15.13782	-41.671
2.2797	14.739	-41.615
2.52858	15.13782	-41.557
2.03082	15.53562	-41.497
2.03082	15.53562	-41.438
2.03082	15.53562	-41.378
2.2797	15.13782	-41.321
2.52858	15.13782	-41.263
2.52858	15.13782	-41.205
2.03082	15.13782	-41.147
2.2797	15.53562	-41.087
2.2797	15.13782	-41.029
2.2797	15.53562	-40.97
2.2797	15.13782	-40.912
2.03082	15.53562	-40.852
2.2797	15.13782	-40.794
2.2797	15.13782	-40.736
2.03082	15.13782	-40.678
2.03082	15.53562	-40.619
2.03082	15.13782	-40.561
2.03082	15.53562	-40.501
1.78194	15.13782	-40.443
1.78194	15.13782	-40.385
1.53306	15.53562	-40.326
1.03428	15.13782	-40.268
1.03428	15.53562	-40.208
1.28418	15.13782	-40.15
1.03428	15.13782	-40.092
0.7854	15.13782	-40.034
0.7854	15.53562	-39.975
1.03428	15.13782	-39.917
1.03428	15.53562	-39.858
0.7854	15.13782	-39.8
0.7854	15.13782	-39.742
0.7854	15.13782	-39.684
1.03428	15.13782	-39.626
1.03428	15.53562	-39.566
1.03428	15.53562	-39.507
0.53652	15.13782	-39.449
0.7854	15.53562	-39.389
0.7854	15.13782	-39.331
0.7854	15.13782	-39.273
0.53652	15.53562	-39.214
0.7854	15.13782	-39.156
0.7854	15.13782	-39.098
0.7854	15.53562	-39.038
0.7854	15.13782	-38.98
0.7854	15.53562	-38.921
0.53652	15.13782	-38.863
0.28764	15.13782	-38.805
0.53652	15.53562	-38.745
0.28764	15.13782	-38.687
0.53652	15.13782	-38.629
0.28764	15.53562	-38.57
0.28764	15.13782	-38.512
0.28764	15.53562	-38.452
0.03876	15.13782	-38.395
0.03876	15.13782	-38.337
0.28764	15.53562	-38.277
0.53652	15.13782	-38.219
0.28764	15.13782	-38.161
0.28764	15.53562	-38.102
0.28764	14.739	-38.045
0.28764	15.53562	-37.986
0.53652	15.53562	-37.926
0.03876	15.13782	-37.868
0.53652	15.53562	-37.809
0.53652	15.13782	-37.751
0.53652	15.13782	-37.693
0.53652	15.53562	-37.633
0.03876	15.13782	-37.575
0.03876	15.53562	-37.516
0.28764	15.13782	-37.458
0.03876	15.13782	-37.4
0.03876	15.53562	-37.34
0.28764	15.13782	-37.282
0.03876	15.13782	-37.224
0.03876	15.53562	-37.165
0.28764	15.13782	-37.107
0.03876	15.53562	-37.047
0.03876	15.13782	-36.989
0.03876	15.53562	-36.93
0.03876	15.13782	-36.872
-0.21012	15.13782	-36.814
-0.459	15.13782	-36.756
-0.459	15.53562	-36.697
-0.21012	15.53562	-36.637
-0.21012	15.13782	-36.579
-0.21012	15.13782	-36.521
-0.7089	15.53562	-36.462
-0.21012	15.13782	-36.404
-0.459	15.13782	-36.346
-0.7089	15.13782	-36.288
-0.7089	15.53562	-36.228
-0.21012	15.13782	-36.17
-0.459	15.53562	-36.111
-0.459	15.13782	-36.053
-0.459	15.13782	-35.995
-0.459	15.53562	-35.935
-0.21012	15.13782	-35.877
-0.7089	15.13782	-35.819
-0.21012	15.53562	-35.76
-0.21012	15.53562	-35.7
-0.21012	15.13782	-35.642
-0.7089	15.13782	-35.584
-0.459	15.13782	-35.526
-0.7089	15.53562	-35.467
-0.459	15.53562	-35.407
-0.21012	15.13782	-35.35
-0.7089	15.13782	-35.292
-0.459	15.13782	-35.234
-1.70442	15.13782	-35.176
-0.459	15.53562	-35.116
-0.7089	15.53562	-35.057
-0.459	15.13782	-34.999
-0.7089	15.13782	-34.941
-0.95778	15.13782	-34.883
-0.95778	15.13782	-34.825
-0.7089	15.53562	-34.765
-1.20666	15.53562	-34.706
-0.7089	15.53562	-34.646
-0.7089	15.13782	-34.588
-0.95778	15.13782	-34.53
-0.95778	14.739	-34.474
-0.7089	15.53562	-34.414
-0.95778	15.53562	-34.355
-1.20666	15.53562	-34.295
-1.20666	15.13782	-34.237
-0.95778	15.13782	-34.179
-1.20666	15.13782	-34.121
-1.45554	15.13782	-34.063
-1.45554	15.53562	-34.004
-1.20666	15.13782	-33.946
-1.20666	15.13782	-33.888
-1.45554	15.53562	-33.829
-1.20666	15.53562	-33.769
-1.70442	15.13782	-33.711
-1.45554	15.13782	-33.653
-1.45554	15.13782	-33.595
-1.45554	15.53562	-33.536
-1.45554	15.13782	-33.478
-1.70442	15.13782	-33.42
-1.45554	15.53562	-33.36
-1.45554	15.13782	-33.302
-1.70442	15.53562	-33.243
-1.45554	15.13782	-33.185
-1.70442	15.13782	-33.127
-1.70442	15.13782	-33.069
-1.20666	15.53562	-33.009
-1.20666	15.53562	-32.95
-1.20666	15.13782	-32.892
-1.45554	15.53562	-32.832
-1.20666	15.13782	-32.774
-1.20666	15.53562	-32.715
-1.45554	15.13782	-32.657
-0.95778	15.13782	-32.599
-1.20666	15.13782	-32.541
-1.20666	15.13782	-32.483
-1.20666	15.53562	-32.423
-1.20666	15.53562	-32.364
-0.95778	15.13782	-32.306
-0.7089	15.13782	-32.248
-0.7089	15.13782	-32.19
-0.95778	15.53562	-32.131
-0.7089	15.13782	-32.073
-1.20666	15.13782	-32.015
-0.95778	15.53562	-31.955
-1.20666	15.53562	-31.896
-1.20666	15.13782	-31.838
-1.20666	15.13782	-31.78
-1.20666	15.53562	-31.72
-0.95778	15.13782	-31.662
-0.95778	15.13782	-31.604
-0.95778	15.13782	-31.546
-1.20666	15.53562	-31.487
-0.95778	15.53562	-31.427
-0.95778	15.13782	-31.369
-0.95778	15.13782	-31.311
-1.45554	15.53562	-31.252
-1.45554	15.13782	-31.194
-1.45554	15.13782	-31.136
-1.20666	15.53562	-31.076
-1.20666	15.13782	-31.018
-1.20666	15.53562	-30.959
-1.70442	15.13782	-30.901
-1.70442	15.13782	-30.843
-1.45554	15.53562	-30.784
-1.70442	15.13782	-30.726
-1.9533	15.13782	-30.668
-1.70442	15.53562	-30.608
-1.9533	15.13782	-30.55
-1.70442	15.53562	-30.491
-1.9533	15.13782	-30.433
-1.70442	15.13782	-30.375
-1.70442	15.53562	-30.315
-1.9533	15.13782	-30.257
-1.70442	15.13782	-30.199
-1.70442	15.53562	-30.14
-1.70442	15.13782	-30.082
-2.20218	15.53562	-30.022
-1.9533	15.13782	-29.964
-1.70442	15.13782	-29.906
-1.70442	15.53562	-29.847
-1.9533	15.13782	-29.789
-2.20218	15.13782	-29.731
-2.20218	15.53562	-29.671
-1.9533	15.13782	-29.613
-1.70442	15.53562	-29.554
-1.70442	15.13782	-29.496
-1.70442	15.13782	-29.438
-1.70442	15.53562	-29.378
-1.45554	15.13782	-29.321
-1.9533	15.13782	-29.263
-1.70442	15.53562	-29.203
-1.9533	15.13782	-29.145
-1.9533	15.53562	-29.086
-1.70442	15.13782	-29.028
-2.20218	15.13782	-28.97
-1.9533	15.53562	-28.91
-2.20218	15.13782	-28.852
-1.9533	15.13782	-28.794
-2.20218	15.53562	-28.735
-2.45208	15.13782	-28.677
-1.9533	15.13782	-28.619
-2.20218	15.53562	-28.559
-2.45208	15.13782	-28.501
-2.45208	15.13782	-28.443
-2.45208	15.53562	-28.384
-2.45208	15.13782	-28.326
-2.20218	15.53562	-28.266
-2.70096	15.13782	-28.208
-2.70096	15.13782	-28.15
-2.70096	15.13782	-28.092
-2.45208	15.13782	-28.034
-2.45208	15.53562	-27.975
-2.45208	15.53562	-27.915
-2.45208	15.13782	-27.858
-2.45208	15.53562	-27.798
-2.70096	15.13782	-27.74
-2.94984	15.13782	-27.682
-2.94984	15.53562	-27.623
-2.70096	14.739	-27.566
-2.70096	15.53562	-27.507
-2.70096	15.13782	-27.449
-2.94984	15.53562	-27.389
-2.70096	15.53562	-27.33
-2.94984	15.13782	-27.272
-2.70096	15.13782	-27.214
-2.70096	15.53562	-27.154
-2.70096	15.13782	-27.096
-2.94984	15.53562	-27.037
-2.70096	15.13782	-26.979
-2.45208	15.13782	-26.921
-2.45208	15.13782	-26.863
-2.45208	15.53562	-26.803
-2.70096	15.53562	-26.744
-2.70096	15.13782	-26.686
-2.45208	15.13782	-26.628
-2.20218	15.13782	-26.57
-2.20218	15.13782	-26.512
-2.45208	15.53562	-26.452
-1.9533	15.13782	-26.395
-2.20218	15.53562	-26.335
-2.20218	15.53562	-26.276
-1.9533	15.13782	-26.218
-1.9533	15.13782	-26.16
-1.70442	15.13782	-26.102
-1.9533	15.13782	-26.044
-1.70442	15.53562	-25.984
-1.9533	15.13782	-25.926
-1.45554	15.53562	-25.867
-1.45554	15.53562	-25.807
-1.70442	15.13782	-25.749
-1.70442	15.13782	-25.691
-1.70442	15.13782	-25.633
-1.45554	15.53562	-25.574
-1.20666	15.13782	-25.516
-1.20666	15.53562	-25.456
-1.45554	15.13782	-25.398
-1.45554	15.53562	-25.339
-0.95778	15.13782	-25.281
-1.20666	15.13782	-25.223
-0.95778	15.53562	-25.163
-0.95778	15.13782	-25.105
-1.20666	15.13782	-25.047
-1.20666	15.53562	-24.988
-1.20666	15.13782	-24.93
-1.20666	15.53562	-24.87
-1.20666	15.13782	-24.813
-0.95778	15.13782	-24.755
-0.7089	15.13782	-24.697
-1.20666	15.53562	-24.637
-0.95778	15.13782	-24.579
-1.20666	15.53562	-24.52
-1.20666	15.13782	-24.462
-1.20666	15.53562	-24.402
-0.95778	15.13782	-24.344
-0.95778	15.13782	-24.286
-0.95778	15.53562	-24.227
-1.20666	15.13782	-24.169
-0.95778	15.13782	-24.111
-0.95778	15.53562	-24.051
-1.45554	15.13782	-23.993
-1.20666	15.53562	-23.934
-0.95778	15.13782	-23.876
-1.20666	15.13782	-23.818
-1.20666	15.53562	-23.758
-1.45554	15.13782	-23.7
-1.70442	15.13782	-23.642
-1.70442	15.53562	-23.583
-1.20666	15.13782	-23.525
-1.70442	15.53562	-23.465
-1.70442	15.13782	-23.407
-1.45554	15.13782	-23.35
-1.70442	15.53562	-23.29
-1.45554	15.53562	-23.231
-1.70442	14.739	-23.174
-1.45554	15.53562	-23.115
-1.9533	15.13782	-23.057
-1.70442	15.13782	-22.999
-1.70442	15.53562	-22.939
-1.9533	15.13782	-22.881
-1.9533	15.13782	-22.823
-2.45208	15.53562	-22.764
-2.70096	15.13782	-22.706
-2.70096	15.53562	-22.646
-2.45208	15.13782	-22.588
-2.45208	15.53562	-22.529
-2.70096	15.13782	-22.471
-2.94984	15.13782	-22.413
-2.94984	15.13782	-22.355
-2.94984	15.53562	-22.295
-2.94984	15.13782	-22.237
-3.19872	15.13782	-22.179
-2.94984	15.13782	-22.121
-2.70096	15.53562	-22.062
-2.70096	15.53562	-22.002
-2.70096	15.13782	-21.944
-2.94984	15.13782	-21.886
-2.94984	15.13782	-21.829
-3.19872	15.53562	-21.769
-3.19872	15.53562	-21.71
-3.19872	15.13782	-21.652
-2.94984	15.13782	-21.594
-3.19872	15.13782	-21.536
-2.94984	15.53562	-21.476
-2.94984	15.13782	-21.418
-2.70096	15.53562	-21.359
-3.19872	15.13782	-21.301
-2.94984	15.13782	-21.243
-3.19872	15.13782	-21.185
-3.19872	15.53562	-21.125
-2.70096	15.53562	-21.066
-2.70096	15.13782	-21.008
-2.70096	15.13782	-20.95
-2.94984	15.53562	-20.89
-2.45208	15.13782	-20.832
-2.94984	15.13782	-20.774
-2.70096	15.53562	-20.715
-2.45208	15.53562	-20.655
-2.45208	15.13782	-20.597
-2.45208	15.13782	-20.539
-1.9533	15.13782	-20.481
-1.9533	15.13782	-20.423
-2.20218	15.53562	-20.364
-1.9533	15.53562	-20.305
-1.70442	15.13782	-20.247
-1.70442	15.53562	-20.187
-1.70442	15.13782	-20.129
-1.70442	15.13782	-20.071
-1.45554	15.13782	-20.013
-1.20666	15.13782	-19.955
-1.70442	15.53562	-19.896
-1.45554	15.53562	-19.836
-1.45554	15.13782	-19.778
-1.20666	15.13782	-19.72
-0.95778	15.53562	-19.661
-0.95778	15.13782	-19.603
-0.95778	15.13782	-19.545
-1.20666	15.53562	-19.485
-1.45554	15.13782	-19.427
-1.20666	15.53562	-19.368
-1.20666	15.13782	-19.31
-0.95778	15.53562	-19.25
-1.20666	15.13782	-19.192
-1.20666	15.13782	-19.134
-0.95778	15.53562	-19.075
-1.20666	15.13782	-19.017
-1.20666	15.13782	-18.959
-1.20666	15.53562	-18.899
-0.95778	15.13782	-18.841
-1.20666	15.53562	-18.782
-0.95778	15.13782	-18.724
-1.45554	15.13782	-18.666
-1.20666	15.53562	-18.607
-1.45554	15.13782	-18.549
-1.45554	15.53562	-18.489
-1.70442	15.13782	-18.431
-1.45554	15.13782	-18.373
-1.70442	15.53562	-18.314
-1.45554	15.13782	-18.256
-1.45554	15.13782	-18.198
-1.45554	15.53562	-18.138
-1.70442	15.13782	-18.08
-1.45554	15.13782	-18.022
-1.20666	15.53562	-17.963
-1.20666	15.13782	-17.905
-1.20666	15.53562	-17.845
-0.7089	15.13782	-17.787
-0.7089	15.53562	-17.728
-0.7089	15.13782	-17.67
-0.459	15.13782	-17.612
-0.459	15.13782	-17.554
-0.459	15.53562	-17.494
-0.21012	15.13782	-17.436
-0.459	15.53562	-17.377
0.03876	15.53562	-17.317
-0.21012	14.739	-17.261
0.03876	15.53562	-17.202
0.53652	15.13782	-17.144
0.53652	15.13782	-17.086
0.7854	15.53562	-17.026
0.53652	15.53562	-16.967
1.03428	15.13782	-16.909
1.28418	15.13782	-16.851
1.28418	15.13782	-16.793
1.28418	15.53562	-16.733
1.53306	15.13782	-16.675
2.03082	15.13782	-16.617
2.03082	15.53562	-16.558
1.78194	15.53562	-16.498
2.52858	15.13782	-16.44
2.77746	15.13782	-16.382
2.52858	15.13782	-16.324
3.02736	15.53562	-16.265
3.02736	15.13782	-16.207
3.27624	15.13782	-16.149
3.774	15.53562	-16.089
4.27176	15.53562	-16.03
4.02288	15.13782	-15.972
4.27176	15.13782	-15.914
4.52064	15.53562	-15.854
4.52064	15.13782	-15.796
5.01942	15.53562	-15.737
5.01942	15.13782	-15.679
5.51718	15.13782	-15.621
5.51718	15.13782	-15.563
5.76606	15.53562	-15.504
6.26382	15.53562	-15.444
6.26382	15.13782	-15.386
6.51372	15.13782	-15.328
7.01148	15.13782	-15.27
7.26036	15.53562	-15.211
7.50924	15.13782	-15.153
8.007	15.53562	-15.093
7.75812	15.53562	-15.034
8.50578	15.13782	-14.976
8.2569	15.13782	-14.918
8.50578	15.53562	-14.858
8.75466	15.13782	-14.8
9.00354	15.13782	-14.742
8.75466	15.53562	-14.683
9.00354	15.13782	-14.625
9.00354	15.53562	-14.565
9.00354	15.13782	-14.507
9.00354	15.13782	-14.449
9.00354	15.13782	-14.391
9.00354	15.13782	-14.333
8.75466	15.53562	-14.274
8.50578	15.53562	-14.214
8.75466	15.53562	-14.155
8.75466	15.13782	-14.097
8.50578	14.739	-14.041
7.75812	15.53562	-13.981
7.75812	15.13782	-13.923
7.50924	15.53562	-13.864
7.50924	15.53562	-13.804
7.50924	15.13782	-13.746
7.50924	15.13782	-13.688
7.01148	15.13782	-13.63
7.26036	15.13782	-13.572
7.26036	15.53562	-13.513
7.01148	15.53562	-13.453
6.51372	15.13782	-13.395
6.7626	15.13782	-13.337
6.51372	15.13782	-13.279
5.76606	15.13782	-13.221
5.2683	15.53562	-13.162
5.2683	15.53562	-13.102
4.52064	15.53562	-13.043
4.27176	15.13782	-12.985
3.52512	15.13782	-12.927
3.27624	15.13782	-12.869
2.77746	15.13782	-12.811
2.52858	15.53562	-12.751
2.77746	15.13782	-12.694
2.52858	15.53562	-12.634
2.2797	15.13782	-12.576
2.2797	15.13782	-12.518
2.52858	15.13782	-12.46
2.03082	15.13782	-12.402
1.78194	15.93444	-12.341
1.78194	15.13782	-12.283
1.78194	15.53562	-12.224
1.28418	14.739	-12.167
0.7854	15.13782	-12.109
1.03428	15.53562	-12.05
0.28764	15.13782	-11.992
0.28764	15.53562	-11.932
-0.21012	15.13782	-11.874
0.03876	15.53562	-11.815
-0.21012	15.13782	-11.757
-0.21012	15.13782	-11.699
0.03876	15.13782	-11.641
0.03876	15.53562	-11.581
0.03876	15.13782	-11.523
0.03876	15.53562	-11.464
0.03876	15.13782	-11.406
-0.459	15.13782	-11.348
0.03876	15.53562	-11.288
-0.459	15.13782	-11.231
-0.21012	15.13782	-11.173
0.03876	15.53562	-11.113
0.28764	15.13782	-11.055
0.03876	15.13782	-10.997
0.28764	15.53562	-10.938
0.03876	15.13782	-10.88
0.28764	15.53562	-10.82
0.53652	15.13782	-10.762
0.53652	15.13782	-10.704
0.28764	15.53562	-10.645
0.28764	15.13782	-10.587
0.28764	15.13782	-10.529
0.53652	15.53562	-10.469
0.7854	15.13782	-10.411
0.28764	15.53562	-10.352
0.7854	15.13782	-10.294
0.53652	15.13782	-10.236
0.7854	15.53562	-10.176
1.28418	14.739	-10.12
1.28418	15.53562	-10.06
1.53306	15.53562	-10.001
2.03082	15.13782	-9.943
1.78194	15.53562	-9.883
2.52858	15.13782	-9.825
2.52858	15.53562	-9.766
3.02736	15.13782	-9.708
3.27624	15.13782	-9.65
3.27624	15.13782	-9.592
3.27624	15.53562	-9.533
3.52512	15.53562	-9.473
3.27624	15.13782	-9.415
3.52512	15.53562	-9.356
3.52512	15.13782	-9.298
3.27624	15.13782	-9.24
3.02736	15.13782	-9.182
3.52512	15.13782	-9.124
3.52512	15.53562	-9.064
3.27624	15.53562	-9.005
3.02736	15.13782	-8.947
3.02736	15.13782	-8.889
3.27624	15.13782	-8.831
2.77746	15.53562	-8.771
2.77746	15.13782	-8.713
3.02736	15.13782	-8.655
2.52858	15.53562	-8.596
2.2797	15.13782	-8.538
2.52858	15.53562	-8.478
2.2797	15.53562	-8.419
2.03082	15.13782	-8.361
2.2797	15.13782	-8.303
2.03082	15.13782	-8.245
2.03082	15.13782	-8.187
1.53306	15.53562	-8.128
1.28418	15.13782	-8.07
1.03428	15.53562	-8.01
1.28418	15.13782	-7.952
0.53652	15.13782	-7.894
0.53652	15.53562	-7.835
0.53652	15.13782	-7.777
0.28764	15.13782	-7.719
0.28764	15.53562	-7.659
-0.21012	15.13782	-7.601
0.03876	15.53562	-7.542
0.28764	15.13782	-7.484
0.7854	15.13782	-7.426
1.53306	15.53562	-7.366
1.53306	15.13782	-7.308
1.53306	15.13782	-7.25
1.78194	14.34018	-7.195
1.53306	13.54356	-7.144
1.53306	11.95032	-7.098
1.78194	9.95928	-7.06
1.78194	8.76384	-7.026
2.03082	7.5684	-6.997
1.78194	7.5684	-6.968
1.28418	7.5684	-6.939
1.03428	7.1706	-6.912
1.28418	5.97516	-6.889
1.28418	4.77972	-6.87
1.28418	3.5853	-6.857
1.03428	3.18648	-6.845
0.53652	3.9831	-6.829
0.28764	3.9831	-6.814
-0.21012	3.9831	-6.799
-0.459	2.78868	-6.788
-0.21012	1.99206	-6.78
-0.21012	1.99206	-6.773
-0.21012	1.19544	-6.768
-0.7089	1.59324	-6.762
-0.7089	2.38986	-6.753
-0.7089	1.99206	-6.745
-0.7089	1.59324	-6.739
-0.459	0.79662	-6.736
-0.21012	0.39882	-6.735
-0.21012	0.39882	-6.733
-0.459	1.19544	-6.729
-0.95778	1.19544	-6.724
-1.20666	1.59324	-6.718
-1.20666	0.79662	-6.715
-1.45554	-0.39882	-6.716
-1.70442	-0.79662	-6.719
-1.9533	-0.39882	-6.721
-1.70442	0.39882	-6.719
-1.20666	0.39882	-6.718
-1.45554	-0.39882	-6.719
-0.95778	0	-6.719
-0.7089	0	-6.719
-0.21012	0	-6.719
-0.459	0	-6.719
0.03876	0	-6.719
-0.459	0	-6.719
-0.459	0	-6.719
-0.459	0	-6.719
-0.21012	0	-6.719
0.03876	0	-6.719
-0.21012	0	-6.719
0.03876	0	-6.719
-0.459	0	-6.719
-0.459	0	-6.719
-0.95778	0	-6.719
-0.95778	0	-6.719
-1.70442	0	-6.719
-1.70442	0	-6.719
-2.70096	0	-6.719
-2.94984	0	-6.719
-3.19872	0	-6.719
-3.94536	0	-6.719
-4.44414	0	-6.719
-5.43966	0	-6.719
-5.93742	0	-6.719
-7.18284	0	-6.719
-7.9305	0	-6.719
-9.42378	0	-6.719
-10.42032	0	-6.719
-12.1635	0	-6.719
-13.40892	0	-6.719
-15.40098	0	-6.719
-16.89528	0	-6.719
-19.13622	0	-6.719
-21.37716	0	-6.719
-24.11688	0	-6.719
-26.35782	0	-6.719
-29.09754	0	-6.719
-32.334	0	-6.719
-35.07372	0	-6.719
-38.06232	-0.39882	-6.721
-41.29878	0	-6.721
-43.78962	0	-6.721
-46.52832	0	-6.721
-48.5214	0	-6.721
-51.01122	0	-6.721
-52.7544	-0.39882	-6.723
-54.74646	0	-6.723
-55.99188	0	-6.723
-56.9874	-0.39882	-6.724
-58.23282	0	-6.724
-58.4817	0	-6.724
-58.23282	0	-6.724
-57.23628	0	-6.724
-55.99188	0	-6.724
-55.24422	0	-6.724
-54.99534	0	-6.724
-53.99982	-0.39882	-6.726
-52.25664	-1.99206	-6.733
-51.2601	-5.97516	-6.756
-50.26458	-11.1537	-6.799
-49.26804	-15.93444	-6.86
-48.5214	-20.31636	-6.938
-47.52486	-25.09608	-7.034
-47.77374	-29.87682	-7.148
-47.77374	-36.24978	-7.287
-47.77374	-42.62376	-7.45
-47.52486	-50.19216	-7.642
-48.2715	-57.36276	-7.862
-49.01916	-64.53336	-8.109
-50.01468	-71.70294	-8.384
-51.50898	-79.27236	-8.687
-53.00328	-86.84076	-9.02
-55.4931	-95.20578	-9.385
-57.98394	-103.57182	-9.781
-60.47376	-111.93684	-10.21
-62.46582	-120.30288	-10.671
-64.70778	-126.27804	-11.154
-67.69536	-132.2532	-11.661
-70.43508	-136.63512	-12.184
-72.9249	-140.61822	-12.723
-74.91696	-144.60234	-13.276
-76.91004	-148.58544	-13.845
-78.65322	-152.17074	-14.428
-80.1465	-155.75604	-15.025
-81.39192	-158.54472	-15.632
-81.88968	-160.93458	-16.248
-82.63734	-162.52782	-16.87
-82.88622	-164.91768	-17.502
-82.63734	-166.11312	-18.138
-82.13958	-168.50298	-18.784
-81.88968	-169.69842	-19.433
-81.6408	-170.89284	-20.088
-81.6408	-172.08828	-20.747
-81.88968	-173.28372	-21.411
-81.88968	-174.08034	-22.077
-82.88622	-175.27476	-22.748
-83.38398	-176.07138	-23.423
-83.63286	-177.26682	-24.102
-84.13164	-177.66564	-24.782
-84.87828	-179.25888	-25.468
-85.62492	-176.4702	-26.144
-85.87482	-178.46226	-26.828
-86.37258	-179.25888	-27.514
-86.62146	-180.4533	-28.205
-86.62146	-181.24992	-28.899
-86.62146	-180.85212	-29.592
-86.37258	-180.4533	-30.283
-86.62146	-180.4533	-30.974
-86.37258	-180.4533	-31.665
-86.1237	-181.24992	-32.359
-85.37604	-181.64874	-33.055
-85.37604	-182.84418	-33.755
-85.37604	-182.84418	-34.456
-85.62492	-182.44536	-35.154
-85.12716	-181.64874	-35.85
-85.37604	-181.24992	-36.544
-85.62492	-182.44536	-37.243
-85.12716	-182.44536	-37.941
-85.12716	-183.24198	-38.643
-84.87828	-183.6408	-39.346
-84.87828	-182.84418	-40.047
-85.37604	-182.84418	-40.747
-84.87828	-182.44536	-41.446
-84.87828	-182.44536	-42.144
-84.13164	-183.24198	-42.846
-83.63286	-183.24198	-43.548
-82.88622	-183.6408	-44.251
-82.88622	-183.24198	-44.953
-82.38846	-182.84418	-45.653
-82.63734	-182.84418	-46.353
-82.38846	-182.84418	-47.054
-81.6408	-183.24198	-47.755
-81.39192	-184.0386	-48.46
-80.89416	-183.6408	-49.163
-80.3964	-183.24198	-49.865
-79.89762	-182.84418	-50.565
-80.1465	-182.44536	-51.264
-79.89762	-182.84418	-51.964
-79.39986	-184.0386	-52.669
-78.15444	-184.0386	-53.374
-77.4078	-184.0386	-54.079
-76.91004	-183.6408	-54.782
-76.16238	-182.84418	-55.482
-75.41574	-182.44536	-56.181
-75.16686	-182.84418	-56.881
-74.66808	-183.24198	-57.583
-73.92144	-184.0386	-58.288
-73.42368	-184.0386	-58.993
-72.17826	-184.0386	-59.697
-71.92938	-183.24198	-60.399
-71.92938	-182.44536	-61.098
-71.4306	-182.84418	-61.798
-70.68396	-183.24198	-62.5
-69.68742	-183.6408	-63.203
-69.43854	-184.0386	-63.908
-69.18966	-184.0386	-64.613
-68.6919	-183.6408	-65.316
-67.94526	-183.24198	-66.018
-67.69536	-182.44536	-66.716
-66.94872	-183.24198	-67.418
-65.95218	-183.6408	-68.121
-65.45442	-183.6408	-68.825
-64.70778	-184.0386	-69.53
-64.209	-182.84418	-70.23
-63.71124	-183.24198	-70.932
-62.71572	-183.24198	-71.633
-61.71918	-183.6408	-72.337
-61.4703	-183.6408	-73.04
-60.72264	-183.6408	-73.743
-60.22488	-183.6408	-74.446
-58.97946	-183.24198	-75.148
-58.4817	-182.84418	-75.848
-58.23282	-183.24198	-76.55
-57.48618	-183.6408	-77.253
-56.48964	-183.6408	-77.957
-56.24076	-184.0386	-78.661
-56.24076	-183.6408	-79.365
-56.24076	-183.24198	-80.067
-57.23628	-182.84418	-80.767
-57.48618	-182.84418	-81.467
-58.4817	-182.44536	-82.166
-58.97946	-182.04756	-82.863
-59.47824	-180.85212	-83.555
-59.72712	-177.26682	-84.234
-60.47376	-174.08034	-84.901
-61.4703	-170.49504	-85.554
-61.22142	-168.10518	-86.198
-61.22142	-164.91768	-86.829
-61.22142	-162.129	-87.45
-60.72264	-158.54472	-88.057
-60.47376	-153.76398	-88.646
-60.72264	-148.98426	-89.217
-60.47376	-145.39896	-89.774
-60.47376	-139.4238	-90.308
-60.22488	-135.8385	-90.828
-59.976	-131.05776	-91.33
-58.97946	-126.67584	-91.815
-59.22936	-121.4973	-92.28
-58.97946	-116.31876	-92.726
-58.97946	-111.53904	-93.153
-59.22936	-105.96168	-93.559
-59.47824	-101.18196	-93.946
-59.22936	-96.00342	-94.314
-59.72712	-91.22268	-94.663
-59.22936	-86.84076	-94.996
-58.73058	-81.2634	-95.307
-58.23282	-75.68706	-95.597
-57.23628	-70.1097	-95.865
-56.48964	-64.93116	-96.114
-55.4931	-60.15144	-96.344
-54.99534	-54.17628	-96.552
-53.74992	-50.19216	-96.744
-52.00674	-45.81024	-96.919
-50.76234	-43.42038	-97.086
-48.77028	-37.84302	-97.231
-47.27598	-33.85992	-97.36
-45.78168	-29.87682	-97.475
-44.28738	-26.29152	-97.575
-43.04196	-24.29946	-97.668
-41.54868	-22.70622	-97.755
-39.8055	-20.71416	-97.835
-38.56008	-18.7221	-97.906
-37.56354	-16.33224	-97.969
-36.06924	-14.739	-98.025
-34.57596	-12.74694	-98.074
-32.83278	-11.95032	-98.12
-31.33848	-11.1537	-98.163
-29.84418	-9.95928	-98.201
-28.59876	-9.16164	-98.236
-27.10446	-7.5684	-98.265
-25.1124	-6.77178	-98.291
-23.868	-6.77178	-98.317
-21.87492	-5.97516	-98.34
-20.13174	-5.17854	-98.359
-18.38958	-4.77972	-98.378
-17.14416	-4.38192	-98.395
-15.40098	-3.5853	-98.408
-12.91014	-3.5853	-98.422
-10.91808	-3.18648	-98.434
-7.9305	-2.78868	-98.445
-5.93742	-2.78868	-98.456
-2.94984	-0.79662	-98.459
-0.459	1.19544	-98.454
2.52858	1.59324	-98.448
5.51718	1.19544	-98.443
9.00354	0	-98.443
13.23654	-1.19544	-98.448
17.47056	-0.39882	-98.449
21.95244	0.39882	-98.448
26.18646	0.39882	-98.446
30.91722	0.39882	-98.445
35.15124	0	-98.445
39.38424	0	-98.445
43.11948	0	-98.445
45.61032	0.39882	-98.443
47.60238	0	-98.443
49.09668	0	-98.443
50.0922	0.39882	-98.442
51.08874	0	-98.442
52.08426	0.79662	-98.439
53.32968	2.38986	-98.43
54.5751	5.97516	-98.407
56.31828	11.1537	-98.364
57.81258	15.53562	-98.305
59.30586	20.71416	-98.225
60.55128	24.69828	-98.131
60.80016	28.68138	-98.021
61.54782	32.66448	-97.896
61.29792	35.85198	-97.758
61.29792	39.03846	-97.609
60.80016	43.02156	-97.444
60.80016	48.59892	-97.258
61.29792	54.17628	-97.05
61.7967	61.34586	-96.816
62.54334	68.11866	-96.555
63.53988	74.09382	-96.271
64.78428	80.8656	-95.961
66.0297	88.0362	-95.624
68.02176	95.20578	-95.259
69.0183	103.173	-94.864
70.26372	111.53904	-94.437
71.50812	119.50524	-93.98
72.50466	126.27804	-93.496
74.24784	131.85438	-92.991
75.74214	136.2363	-92.469
77.7342	140.61822	-91.931
79.97514	145.00014	-91.375
81.71832	148.58544	-90.806
84.45804	152.17074	-90.224
86.20122	155.75604	-89.627
88.44216	158.1459	-89.022
90.93198	160.53576	-88.407
92.1774	162.52782	-87.784
93.92058	164.91768	-87.153
95.91264	166.51092	-86.515
97.65582	169.2996	-85.867
99.399	168.50298	-85.221
100.8933	171.29166	-84.565
101.63994	172.4871	-83.905
102.13872	173.68152	-83.24
103.38312	174.08034	-82.573
103.632	175.27476	-81.902
104.13078	175.27476	-81.231
104.62854	176.868	-80.553
105.62508	177.26682	-79.874
106.12284	178.46226	-79.191
106.6206	179.25888	-78.504
107.11836	179.25888	-77.818
107.36724	179.25888	-77.131
107.86602	179.25888	-76.445
107.61714	179.65668	-75.757
107.61714	180.4533	-75.066
107.86602	181.24992	-74.372
108.36378	181.24992	-73.677
108.61266	181.24992	-72.983
109.11042	181.64874	-72.288
108.36378	181.24992	-71.594
108.1149	182.04756	-70.896
108.1149	182.04756	-70.199
107.61714	182.04756	-69.502
107.36724	182.44536	-68.803
108.36378	182.44536	-68.105
108.61266	182.44536	-67.406
108.61266	182.44536	-66.707
108.61266	182.44536	-66.009
108.1149	182.84418	-65.308
107.36724	183.24198	-64.607
106.37172	182.84418	-63.906
105.62508	182.84418	-63.206
104.87742	182.84418	-62.506
105.1263	182.84418	-61.806
104.62854	182.84418	-61.105
104.62854	182.84418	-60.405
103.38312	183.6408	-59.702
102.13872	183.6408	-58.999
101.14218	183.24198	-58.297
99.64788	182.84418	-57.597
98.65236	182.84418	-56.896
98.65236	182.84418	-56.196
97.65582	183.6408	-55.493
97.15806	184.0386	-54.788
96.16152	183.6408	-54.085
94.66722	182.84418	-53.385
93.6717	182.84418	-52.684
92.67516	182.44536	-51.986
90.93198	183.24198	-51.284
89.93646	184.0386	-50.579
88.69104	184.43742	-49.873
87.44562	183.6408	-49.169
86.20122	182.84418	-48.469
84.70692	182.84418	-47.769
82.71486	182.44536	-47.07
81.71832	183.24198	-46.369
79.72626	184.0386	-45.664
77.7342	184.0386	-44.959
76.2399	183.6408	-44.256
75.24336	182.84418	-43.555
73.75008	182.44536	-42.857
72.0069	183.24198	-42.155
70.01382	183.24198	-41.453
68.02176	184.43742	-40.747
66.0297	184.0386	-40.042
64.5354	183.24198	-39.34
63.0411	182.84418	-38.64
62.04558	182.44536	-37.941
61.54782	183.24198	-37.24
60.05352	183.6408	-36.536
59.05698	184.0386	-35.832
57.3138	184.0386	-35.127
56.56716	183.24198	-34.425
55.57062	182.84418	-33.725
54.5751	183.24198	-33.023
53.82744	183.24198	-32.321
52.83192	183.6408	-31.618
52.33314	184.0386	-30.913
51.08874	183.6408	-30.21
50.0922	182.84418	-29.51
48.84678	183.24198	-28.808
47.60238	183.24198	-28.106
46.85472	183.24198	-27.404
46.35696	184.0386	-26.7
46.35696	183.24198	-25.998
46.85472	183.6408	-25.295
46.85472	182.84418	-24.594
46.85472	183.24198	-23.893
46.35696	182.84418	-23.192
46.10808	182.04756	-22.495
46.60584	180.4533	-21.804
46.35696	176.868	-21.127
46.85472	173.68152	-20.462
47.3535	171.29166	-19.806
47.85126	168.9018	-19.159
48.34902	166.51092	-18.521
48.10014	163.72326	-17.894
48.10014	158.94252	-17.285
47.85126	154.95942	-16.692
47.60238	150.5775	-16.115
47.60238	146.19558	-15.555
46.60584	142.21146	-15.011
46.85472	138.22836	-14.481
46.85472	133.84644	-13.969
46.60584	128.26908	-13.478
45.8592	123.48936	-13.005
45.8592	118.31082	-12.552
45.61032	113.9289	-12.115
45.11154	108.75036	-11.699
44.3649	103.96962	-11.301
43.61826	97.99446	-10.925
42.62172	93.21474	-10.568
41.87508	87.63738	-10.233
40.38078	82.45884	-9.917
38.6376	77.2803	-9.621
36.64554	71.30514	-9.348
35.40012	66.5244	-9.093
33.90582	60.54924	-8.861
32.41152	55.3707	-8.649
29.9217	50.59098	-8.456
27.43086	47.00568	-8.276
25.18992	43.42038	-8.109
23.19786	39.03846	-7.96
21.2058	34.25874	-7.829
18.2172	30.27462	-7.713
15.97626	26.68932	-7.61
12.4899	25.09608	-7.514
9.75018	22.70622	-7.427
6.01494	21.11298	-7.346
3.02736	18.7221	-7.275
-0.7089	16.73106	-7.211
-4.19526	14.34018	-7.156
-8.17938	13.14576	-7.105
-12.1635	12.34914	-7.058
-15.89874	10.7559	-7.017
-19.88286	10.35708	-6.977
-24.11688	9.16164	-6.942
-28.59876	7.96722	-6.912
-32.08512	6.77178	-6.886
-35.3226	6.37398	-6.861
-38.06232	5.97516	-6.838
-40.80102	5.17854	-6.819
-43.29186	4.77972	-6.8
-45.5328	4.38192	-6.784
-47.27598	3.9831	-6.768
-49.51692	3.18648	-6.756
-51.50898	3.18648	-6.744
-53.74992	3.18648	-6.732
-55.4931	2.38986	-6.723
-56.48964	0.79662	-6.719
-57.98394	-0.79662	-6.723
-59.47824	-1.99206	-6.73
-60.72264	-0.79662	-6.733
-62.71572	0.39882	-6.732
-63.96012	0.79662	-6.729
-65.95218	0	-6.729
-68.44302	0	-6.729
-70.68396	0	-6.729
-72.42714	0	-6.729
-74.17032	0	-6.729
-74.91696	0	-6.729
-75.41574	0	-6.729
-75.41574	-0.39882	-6.73
-76.16238	0	-6.73
-75.66462	-0.39882	-6.732
-74.66808	-2.38986	-6.741
-73.42368	-5.57736	-6.762
-71.92938	-11.1537	-6.805
-70.43508	-15.93444	-6.866
-69.18966	-19.91754	-6.942
-67.94526	-25.09608	-7.038
-66.94872	-30.27462	-7.154
-66.45096	-35.85198	-7.292
-65.7033	-43.02156	-7.456
-65.20554	-49.79436	-7.647
-64.70778	-57.36276	-7.867
-64.4589	-64.13454	-8.112
-64.95666	-72.10176	-8.388
-65.7033	-78.87354	-8.69
-66.94872	-86.84076	-9.023
-68.6919	-95.20578	-9.388
-70.68396	-103.57182	-9.784
-73.17378	-111.93684	-10.213
-74.91696	-119.90406	-10.672
-77.4078	-126.67584	-11.157
-79.89762	-132.2532	-11.664
-82.88622	-136.2363	-12.186
-85.12716	-140.61822	-12.724
-86.62146	-144.60234	-13.278
-88.61352	-148.58544	-13.847
-89.61006	-152.56854	-14.431
-90.85446	-155.75604	-15.028
-90.60558	-158.54472	-15.635
-90.85446	-160.93458	-16.251
-90.60558	-162.52782	-16.874
-90.10782	-164.91768	-17.505
-89.61006	-166.51092	-18.143
-88.8624	-167.70636	-18.785
-87.618	-169.69842	-19.435
-87.11922	-170.89284	-20.089
-86.62146	-172.08828	-20.748
-86.1237	-173.28372	-21.412
-85.62492	-174.47814	-22.08
-85.87482	-175.27476	-22.751
-86.62146	-175.67358	-23.424
-86.37258	-176.868	-24.102
-86.62146	-177.26682	-24.78
-87.11922	-178.06344	-25.462
-87.618	-178.46226	-26.146
-88.11576	-178.86006	-26.831
-88.36464	-180.0555	-27.52
-89.11128	-179.25888	-28.207
-89.11128	-180.4533	-28.898
-88.8624	-180.85212	-29.591
-88.11576	-180.85212	-30.283
-87.618	-181.24992	-30.977
-87.3681	-180.85212	-31.67
-86.87034	-180.85212	-32.362
-86.37258	-181.24992	-33.057
-85.37604	-182.04756	-33.754
-84.6294	-182.84418	-34.454
-84.38052	-182.84418	-35.154
-83.38398	-182.44536	-35.853
-83.38398	-181.64874	-36.549
-83.1351	-181.64874	-37.244
-82.63734	-181.64874	-37.94
-81.88968	-182.84418	-38.64
-81.88968	-183.6408	-39.343
-81.6408	-183.6408	-40.047
-82.13958	-183.24198	-40.748
-81.6408	-182.44536	-41.447
-81.88968	-182.04756	-42.144
-81.6408	-182.44536	-42.843
-80.89416	-183.6408	-43.546
-79.89762	-184.0386	-44.251
-80.1465	-183.24198	-44.953
-79.64874	-183.24198	-45.655
-79.39986	-182.84418	-46.355
-78.9021	-182.44536	-47.054
-77.90556	-183.24198	-47.755
-77.15892	-184.0386	-48.46
-76.41126	-183.6408	-49.163
-75.9135	-183.24198	-49.865
-75.41574	-182.84418	-50.565
-74.66808	-182.44536	-51.264
-74.17032	-183.24198	-51.966
-73.92144	-183.24198	-52.668
-72.9249	-184.43742	-53.374
-72.42714	-184.0386	-54.079
-71.92938	-183.6408	-54.782
-71.92938	-182.44536	-55.481
-71.4306	-182.04756	-56.178
-70.93284	-183.24198	-56.88
-70.43508	-184.0386	-57.584
-70.43508	-184.43742	-58.291
-69.68742	-183.6408	-58.994
-69.18966	-183.24198	-59.696
-68.44302	-183.24198	-60.398
-67.94526	-182.44536	-61.096
-67.69536	-183.24198	-61.798
-66.69984	-183.6408	-62.501
-66.45096	-183.6408	-63.205
-65.95218	-184.0386	-63.909
-65.45442	-183.6408	-64.613
-64.70778	-182.84418	-65.313
-63.71124	-183.24198	-66.015
-63.46236	-183.24198	-66.716
-62.46582	-183.6408	-67.42
-61.22142	-183.6408	-68.123
-60.97254	-183.6408	-68.826
-59.976	-184.0386	-69.531
-59.72712	-182.04756	-70.228
-59.22936	-183.24198	-70.93
-58.23282	-183.24198	-71.632
-56.9874	-184.0386	-72.337
-55.4931	-184.0386	-73.041
-54.99534	-183.6408	-73.745
-54.49758	-183.24198	-74.446
-53.50104	-182.84418	-75.147
-53.00328	-183.24198	-75.848
-53.25216	-182.44536	-76.547
-52.25664	-184.0386	-77.252
-51.50898	-184.0386	-77.957
-51.2601	-184.0386	-78.661
-51.50898	-183.6408	-79.365
-52.25664	-183.24198	-80.067
-53.00328	-182.44536	-80.765
-53.50104	-182.84418	-81.465
-54.2487	-182.84418	-82.166
-54.99534	-182.04756	-82.863
-55.4931	-180.4533	-83.554
-55.743	-177.66564	-84.234
-56.73852	-174.08034	-84.901
-57.48618	-170.49504	-85.554
-58.23282	-167.70636	-86.196
-58.4817	-165.3165	-86.829
-58.4817	-162.129	-87.45
-58.4817	-158.54472	-88.057
-58.23282	-153.36618	-88.645
-58.73058	-149.38206	-89.217
-58.73058	-144.60234	-89.771
-58.4817	-140.22042	-90.308
-58.23282	-135.8385	-90.828
-58.23282	-131.45658	-91.331
-57.48618	-126.27804	-91.815
-57.23628	-121.0995	-92.279
-57.23628	-116.71758	-92.726
-57.23628	-111.53904	-93.153
-57.23628	-106.3605	-93.56
-57.23628	-100.78314	-93.946
-57.23628	-96.00342	-94.314
-56.9874	-91.22268	-94.663
-57.23628	-86.44296	-94.994
-56.48964	-81.2634	-95.305
-56.24076	-75.68706	-95.595
-55.743	-70.50852	-95.865
-54.99534	-64.93116	-96.114
-54.49758	-60.15144	-96.344
-53.25216	-54.17628	-96.552
-52.00674	-49.79436	-96.742
-50.51346	-46.20906	-96.919
-49.26804	-42.62376	-97.083
-48.02262	-38.64066	-97.231
-47.0271	-33.85992	-97.36
-45.78168	-29.478	-97.473
-44.78514	-26.68932	-97.575
-43.54074	-24.29946	-97.668
-42.04644	-22.3074	-97.754
-40.80102	-20.71416	-97.833
-39.8055	-19.12092	-97.906
-38.56008	-16.33224	-97.969
-37.31466	-14.739	-98.025
-36.8169	-12.74694	-98.074
-36.8169	-11.95032	-98.12
-36.8169	-11.1537	-98.163
-37.56354	-9.95928	-98.201
-37.81242	-8.76384	-98.234
-37.81242	-7.96722	-98.265
-37.56354	-7.1706	-98.292
-36.8169	-6.77178	-98.318
-35.3226	-5.97516	-98.341
-33.57942	-5.57736	-98.362
-31.33848	-4.77972	-98.381
-29.34642	-4.38192	-98.398
-27.35436	-3.5853	-98.411
-24.61464	-3.5853	-98.425
-22.3737	-3.18648	-98.437
-19.88286	-2.38986	-98.446
-17.8908	-2.38986	-98.456
-16.14762	-0.79662	-98.459
-14.40444	0.79662	-98.456
-12.1635	1.59324	-98.449
-10.17144	0.79662	-98.446
-8.92602	-0.39882	-98.448
-6.93396	-0.39882	-98.449
-5.43966	-0.39882	-98.451
-3.4476	0	-98.451
-1.45554	0.79662	-98.448
0.28764	0	-98.448
3.02736	0	-98.448
5.2683	-0.39882	-98.449
8.2569	0.39882	-98.448
11.49336	0	-98.448
14.97972	0	-98.448
18.71496	0	-98.448
23.19786	0	-98.448
27.43086	0	-98.448
32.41152	0.39882	-98.446
36.64554	0	-98.446
40.87854	0	-98.446
44.86266	0	-98.446
47.60238	0.39882	-98.445
49.59444	0.39882	-98.443
51.08874	0.39882	-98.442
51.83538	0	-98.442
52.58304	0.39882	-98.44
53.0808	0	-98.44
53.57856	1.19544	-98.436
53.57856	3.9831	-98.42
54.5751	8.36502	-98.388
55.07286	13.54356	-98.337
55.8195	18.3243	-98.266
56.56716	22.3074	-98.181
57.3138	27.48594	-98.076
57.81258	33.0633	-97.949
57.81258	38.64066	-97.801
58.31034	44.61582	-97.63
59.05698	50.19216	-97.438
59.80464	56.56614	-97.221
60.55128	63.33792	-96.979
61.29792	70.50852	-96.709
62.04558	78.07692	-96.41
63.0411	85.64532	-96.082
64.78428	93.21474	-95.725
66.27858	101.18196	-95.337
67.77288	108.75036	-94.921
69.0183	117.5142	-94.471
70.76148	124.6848	-93.993
72.0069	131.05776	-93.491
73.75008	134.24526	-92.977
74.99448	139.8216	-92.442
77.7342	143.4069	-91.893
79.47738	147.78882	-91.327
81.46944	151.37412	-90.747
83.4615	154.5606	-90.155
85.20468	157.74708	-89.551
86.94786	160.13796	-88.938
89.1888	163.32444	-88.312
90.93198	162.129	-87.691
93.17292	166.11312	-87.055
95.166	167.70636	-86.413
97.9047	169.69842	-85.763
99.89676	170.49504	-85.11
102.13872	172.08828	-84.451
103.38312	173.68152	-83.786
104.62854	174.47814	-83.118
105.62508	174.87696	-82.448
106.6206	175.67358	-81.775
107.36724	176.07138	-81.101
108.1149	176.868	-80.423
109.11042	178.06344	-79.742
109.85808	178.86006	-79.057
110.8536	180.4533	-78.366
111.35238	178.06344	-77.684
111.60126	179.65668	-76.996
111.85014	179.65668	-76.308
111.85014	180.85212	-75.615
112.09902	180.85212	-74.922
113.09556	180.85212	-74.23
113.8422	181.24992	-73.536
115.08762	180.85212	-72.843
115.83426	181.64874	-72.147
115.83426	182.04756	-71.45
116.33304	182.44536	-70.751
116.58192	182.04756	-70.054
116.8308	182.44536	-69.356
117.57744	182.04756	-68.658
118.07622	182.44536	-67.96
119.07174	182.44536	-67.261
119.32062	182.84418	-66.561
119.32062	182.84418	-65.861
118.82286	182.84418	-65.16
118.82286	182.84418	-64.46
118.57398	182.84418	-63.76
118.3251	184.0386	-63.055
118.57398	181.64874	-62.359
118.3251	183.24198	-61.658
118.57398	182.84418	-60.957
119.07174	183.6408	-60.254
118.57398	182.84418	-59.554
118.3251	183.6408	-58.851
118.3251	183.24198	-58.149
117.57744	182.84418	-57.449
117.32856	183.24198	-56.747
117.07968	183.24198	-56.045
117.07968	183.24198	-55.343
116.58192	183.24198	-54.642
115.58538	183.6408	-53.938
114.33996	183.6408	-53.235
113.34444	183.6408	-52.532
112.59678	182.84418	-51.832
112.09902	183.24198	-51.13
112.09902	183.24198	-50.428
111.85014	182.84418	-49.728
111.35238	183.6408	-49.025
110.60472	183.6408	-48.321
109.36032	183.6408	-47.618
108.61266	183.24198	-46.916
108.1149	183.6408	-46.213
106.86948	183.24198	-45.511
105.87396	182.84418	-44.811
105.37518	183.6408	-44.108
105.1263	183.24198	-43.406
103.632	183.6408	-42.703
102.63648	183.6408	-41.999
100.8933	183.24198	-41.298
99.64788	183.24198	-40.596
98.40246	183.6408	-39.893
97.15806	183.24198	-39.191
95.91264	183.24198	-38.489
94.9161	183.24198	-37.787
93.42282	183.24198	-37.086
92.42628	183.6408	-36.382
90.43422	184.0386	-35.677
88.19328	183.6408	-34.974
87.44562	183.24198	-34.272
86.20122	182.84418	-33.572
84.9558	182.84418	-32.872
84.20814	183.24198	-32.17
82.96374	183.6408	-31.467
81.9672	183.6408	-30.764
80.4729	183.6408	-30.06
78.72972	183.6408	-29.357
77.23542	183.6408	-28.654
75.99102	184.0386	-27.949
74.99448	182.04756	-27.252
74.24784	182.84418	-26.552
73.75008	183.6408	-25.848
73.99896	184.0386	-25.144
73.75008	183.6408	-24.44
73.50018	183.24198	-23.739
73.00242	182.44536	-23.04
72.50466	181.64874	-22.344
72.50466	179.65668	-21.656
73.00242	177.26682	-20.977
73.00242	174.08034	-20.311
73.00242	171.29166	-19.655
73.00242	168.50298	-19.009
72.75354	164.91768	-18.378
71.757	161.7312	-17.758
71.25924	158.1459	-17.153
71.01036	153.36618	-16.565
70.26372	148.98426	-15.995
69.26718	144.60234	-15.441
68.02176	140.22042	-14.904
67.27512	136.2363	-14.382
66.0297	131.45658	-13.879
64.78428	126.27804	-13.395
63.291	121.4973	-12.93
62.29446	116.71758	-12.483
60.55128	111.53904	-12.056
58.31034	107.15712	-11.645
56.56716	102.37638	-11.253
54.32622	97.19784	-10.881
52.33314	92.0193	-10.529
50.0922	86.84076	-10.196
47.1036	81.2634	-9.885
43.86714	75.68706	-9.595
40.38078	70.90632	-9.324
37.39218	65.72778	-9.072
34.1547	60.54924	-8.84
30.66834	54.57408	-8.631
27.43086	49.39554	-8.442
23.44674	45.41244	-8.268
19.46262	42.22494	-8.106
14.73084	38.64066	-7.958
10.74672	34.65654	-7.825
6.7626	30.67344	-7.708
3.02736	27.08814	-7.604
-0.7089	23.90064	-7.513
-4.69302	21.9096	-7.429
-8.17938	20.31636	-7.351
-11.41686	18.3243	-7.281
-14.40444	17.12886	-7.215
-17.39304	15.13782	-7.157
-19.63398	13.14576	-7.107
-21.87492	11.55252	-7.063
-24.36576	10.35708	-7.023
-27.10446	9.95928	-6.985
-29.84418	9.16164	-6.95
-32.08512	8.76384	-6.916
-34.57596	7.5684	-6.887
-36.8169	5.97516	-6.864
-39.8055	5.57736	-6.843
-42.29532	4.77972	-6.825
-44.53626	4.77972	-6.806
-46.77822	4.77972	-6.788
-48.2715	3.9831	-6.773
-50.26458	3.5853	-6.759
-52.50552	3.18648	-6.747
-55.24422	1.99206	-6.739
-56.73852	2.78868	-6.729
-58.73058	1.99206	-6.721
-60.72264	0	-6.721
-62.71572	-1.19544	-6.726
-64.70778	-1.59324	-6.732
-66.94872	0	-6.732
-68.94078	0.39882	-6.73
-70.93284	0.39882	-6.729
-73.17378	0	-6.729
-75.66462	-0.39882	-6.73
-77.4078	0	-6.73
-78.65322	0	-6.73
-79.39986	0	-6.73
-79.39986	0	-6.73
-79.64874	0	-6.73
-79.15098	0	-6.73
-78.15444	-1.59324	-6.736
-76.66014	-3.5853	-6.75
-75.66462	-8.36502	-6.782
-73.42368	-13.14576	-6.832
-72.17826	-18.3243	-6.903
-70.43508	-22.3074	-6.988
-69.18966	-27.48594	-7.093
-68.44302	-33.4611	-7.221
-67.69536	-39.03846	-7.371
-66.69984	-46.20906	-7.548
-66.45096	-53.37966	-7.752
-66.20208	-60.94806	-7.986
-65.95218	-68.11866	-8.247
-66.94872	-75.68706	-8.536
-67.69536	-82.85766	-8.854
-68.94078	-90.82386	-9.202
-70.93284	-99.5877	-9.583
-73.17378	-107.55492	-9.995
-75.16686	-115.92096	-10.439
-76.66014	-123.48936	-10.912
-79.15098	-129.46452	-11.407
-81.6408	-134.64306	-11.923
-83.88276	-138.62616	-12.454
-85.37604	-142.21146	-12.999
-86.62146	-146.9922	-13.562
-88.36464	-150.5775	-14.138
-88.8624	-154.1628	-14.729
-89.61006	-156.95046	-15.33
-89.11128	-159.73914	-15.941
-89.61006	-161.7312	-16.561
-89.61006	-163.72326	-17.188
-88.61352	-165.3165	-17.821
-88.11576	-167.30754	-18.462
-87.86688	-169.2996	-19.11
-86.87034	-170.49504	-19.763
-86.62146	-171.29166	-20.419
-86.37258	-172.8849	-21.081
-86.62146	-173.68152	-21.746
-86.62146	-174.47814	-22.414
-87.11922	-175.67358	-23.087
-87.11922	-176.4702	-23.763
-87.11922	-177.26682	-24.442
-87.11922	-178.06344	-25.124
-87.11922	-178.06344	-25.806
-87.618	-178.06344	-26.488
-87.618	-178.86006	-27.173
-87.618	-179.65668	-27.861
-87.11922	-180.4533	-28.552
-87.11922	-180.85212	-29.244
-86.62146	-181.24992	-29.938
-86.62146	-180.85212	-30.631
-85.87482	-180.4533	-31.322
-85.87482	-180.85212	-32.015
-85.87482	-181.24992	-32.709
-85.37604	-181.64874	-33.404
-84.6294	-182.84418	-34.105
-84.6294	-182.84418	-34.805
-84.13164	-182.44536	-35.504
-83.63286	-182.04756	-36.201
-83.63286	-181.64874	-36.896
-83.38398	-182.04756	-37.594
-83.1351	-182.44536	-38.292
-82.63734	-182.84418	-38.993
-82.38846	-183.24198	-39.694
-82.13958	-183.6408	-40.398
-81.88968	-182.84418	-41.098
-81.39192	-182.84418	-41.798
-81.14304	-182.44536	-42.497
-80.1465	-184.0386	-43.202
-79.39986	-181.24992	-43.896
-79.39986	-183.6408	-44.599
-78.9021	-183.6408	-45.302
-78.40332	-183.24198	-46.004
-78.15444	-183.6408	-46.707
-77.4078	-182.84418	-47.407
-77.4078	-182.84418	-48.108
-76.91004	-183.24198	-48.809
-76.41126	-182.84418	-49.51
-75.9135	-183.6408	-50.213
-75.41574	-183.24198	-50.915
-75.16686	-183.6408	-51.618
-74.91696	-183.6408	-52.321
-74.4192	-182.84418	-53.022
-73.42368	-183.6408	-53.725
-72.67602	-183.24198	-54.427
-71.92938	-183.6408	-55.13
-70.93284	-183.24198	-55.832
-70.1862	-183.24198	-56.533
-68.6919	-183.24198	-57.235
-67.94526	-183.6408	-57.938
-66.94872	-182.84418	-58.639
-65.45442	-183.6408	-59.342
-63.96012	-185.63184	-60.053
-62.9646	-180.85212	-60.745
-61.96806	-183.24198	-61.447
-61.4703	-183.6408	-62.15
-60.22488	-183.6408	-62.854
-59.976	-183.24198	-63.555
-60.47376	-183.6408	-64.259
-60.22488	-183.24198	-64.96
-59.72712	-183.24198	-65.662
-59.72712	-183.6408	-66.366
-59.72712	-183.6408	-67.069
-59.47824	-183.6408	-67.772
-59.22936	-183.24198	-68.474
-59.22936	-183.6408	-69.177
-58.97946	-183.24198	-69.879
-58.4817	-182.44536	-70.578
-57.98394	-183.6408	-71.281
-56.48964	-184.43742	-71.987
-55.24422	-184.0386	-72.692
-54.74646	-183.24198	-73.394
-53.74992	-184.0386	-74.099
-53.25216	-181.64874	-74.794
-52.25664	-183.24198	-75.496
-51.50898	-183.24198	-76.198
-51.01122	-184.0386	-76.903
-49.7658	-184.0386	-77.607
-49.7658	-183.6408	-78.311
-49.7658	-183.24198	-79.012
-50.51346	-182.84418	-79.713
-51.2601	-182.84418	-80.413
-52.25664	-183.24198	-81.115
-52.7544	-183.6408	-81.818
-53.74992	-182.44536	-82.517
-54.74646	-181.64874	-83.212
-55.4931	-178.06344	-83.894
-56.48964	-176.868	-84.571
-57.48618	-170.89284	-85.226
-58.23282	-170.09622	-85.877
-58.4817	-166.90974	-86.517
-58.73058	-163.72326	-87.144
-58.4817	-160.13796	-87.757
-58.23282	-155.35722	-88.352
-57.73506	-151.37412	-88.932
-57.48618	-146.9922	-89.494
-56.9874	-142.61028	-90.041
-57.23628	-138.62616	-90.571
-56.48964	-133.44762	-91.083
-56.73852	-128.26908	-91.574
-56.48964	-123.88716	-92.048
-56.48964	-119.10744	-92.504
-56.73852	-113.9289	-92.941
-56.73852	-108.75036	-93.357
-56.48964	-103.96962	-93.755
-56.73852	-98.79108	-94.134
-56.48964	-93.21474	-94.491
-56.9874	-88.83282	-94.831
-57.23628	-83.65428	-95.151
-56.48964	-78.87354	-95.453
-55.99188	-72.89838	-95.732
-55.743	-67.71984	-95.992
-55.4931	-62.5413	-96.231
-55.4931	-56.96394	-96.449
-54.99534	-51.7854	-96.648
-54.2487	-48.20112	-96.832
-53.25216	-44.61582	-97.003
-51.75786	-40.6317	-97.159
-51.01122	-36.24978	-97.298
-50.26458	-31.47006	-97.418
-49.51692	-28.28256	-97.526
-49.26804	-25.09608	-97.623
-48.77028	-23.50284	-97.713
-47.77374	-21.9096	-97.796
-47.27598	-19.91754	-97.873
-47.52486	-17.52768	-97.94
-47.0271	-15.13782	-97.998
-46.52832	-13.54356	-98.05
-46.27944	-12.74694	-98.099
-46.03056	-11.55252	-98.143
-45.5328	-10.7559	-98.184
-44.78514	-9.56046	-98.221
-43.78962	-8.36502	-98.253
-43.54074	-7.1706	-98.28
-42.5442	-6.77178	-98.306
-41.54868	-6.37398	-98.33
-40.30326	-5.57736	-98.352
-39.05784	-5.17854	-98.372
-38.56008	-4.77972	-98.39
-37.31466	-3.9831	-98.405
-36.31914	-3.5853	-98.419
-34.82484	-3.18648	-98.431
-33.57942	-2.78868	-98.442
-31.58736	-2.78868	-98.452
-30.34194	-1.99206	-98.46
-28.34988	0	-98.46
-26.85558	1.19544	-98.456
-24.86352	1.19544	-98.451
-23.6181	0	-98.451
-21.37716	0	-98.451
-19.63398	-0.39882	-98.452
-17.64192	0	-98.452
-15.64986	0.39882	-98.451
-13.16004	0	-98.451
-10.42032	-0.39882	-98.452
-6.68508	0.39882	-98.451
-3.4476	0	-98.451
1.03428	0	-98.451
5.51718	0	-98.451
10.74672	0	-98.451
15.97626	0	-98.451
22.20132	0.39882	-98.449
27.92964	0	-98.449
34.1547	0.39882	-98.448
39.63312	0	-98.448
44.61378	0.39882	-98.446
49.09668	0.39882	-98.445
52.33314	0.39882	-98.443
54.82398	0.39882	-98.442
55.8195	0	-98.442
56.31828	0.39882	-98.44
57.3138	0	-98.44
58.06146	0	-98.44
58.8081	1.59324	-98.434
60.05352	3.5853	-98.42
62.04558	8.76384	-98.387
63.291	13.54356	-98.335
63.78876	17.92548	-98.266
64.5354	22.70622	-98.179
64.78428	26.29152	-98.079
65.03418	30.27462	-97.963
65.03418	33.4611	-97.835
64.5354	39.03846	-97.685
64.5354	44.61582	-97.514
64.28652	51.3876	-97.317
63.78876	58.5582	-97.093
63.78876	64.53336	-96.846
63.291	71.30514	-96.573
63.78876	78.47574	-96.272
64.5354	86.04414	-95.943
66.0297	93.61254	-95.584
67.524	101.57976	-95.195
69.0183	109.94478	-94.774
71.01036	117.5142	-94.324
72.25578	125.0826	-93.845
74.24784	131.05776	-93.343
76.2399	135.8385	-92.823
78.72972	139.4238	-92.289
81.9672	143.4069	-91.74
85.20468	147.78882	-91.174
88.19328	151.77192	-90.593
90.43422	155.35722	-89.998
93.42282	158.1459	-89.392
95.66376	160.13796	-88.779
98.40246	161.7312	-88.16
100.39554	164.12106	-87.531
103.13424	166.11312	-86.895
105.37518	168.10518	-86.251
107.11836	169.69842	-85.601
108.86154	171.29166	-84.945
109.85808	172.08828	-84.286
110.60472	172.8849	-83.624
110.60472	174.08034	-82.957
111.1035	175.27476	-82.286
110.60472	175.67358	-81.613
110.60472	176.868	-80.936
111.1035	176.868	-80.259
111.60126	177.66564	-79.578
112.09902	178.06344	-78.896
112.59678	178.86006	-78.211
112.09902	180.0555	-77.522
112.3479	180.4533	-76.831
112.59678	180.0555	-76.141
112.84668	179.65668	-75.453
113.8422	180.4533	-74.762
114.33996	180.85212	-74.07
116.08314	182.84418	-73.369
117.32856	180.0555	-72.68
118.07622	182.44536	-71.981
118.57398	181.24992	-71.287
119.32062	182.44536	-70.588
119.5695	182.84418	-69.888
119.8194	181.24992	-69.194
120.31716	182.04756	-68.497
120.56604	182.84418	-67.796
121.0638	182.84418	-67.096
121.31268	182.84418	-66.396
120.56604	182.44536	-65.697
120.06828	182.84418	-64.997
119.32062	182.84418	-64.297
118.82286	182.84418	-63.597
118.57398	182.84418	-62.896
118.82286	183.24198	-62.195
118.82286	182.84418	-61.494
118.82286	183.24198	-60.793
118.82286	182.84418	-60.092
118.07622	183.24198	-59.391
117.82632	183.6408	-58.687
117.57744	183.24198	-57.986
116.8308	183.24198	-57.284
117.32856	182.84418	-56.584
117.32856	182.84418	-55.883
117.32856	184.83522	-55.176
117.57744	182.04756	-54.478
116.8308	183.24198	-53.777
115.83426	183.6408	-53.073
115.08762	184.0386	-52.369
114.58986	182.84418	-51.668
114.33996	182.84418	-50.968
114.58986	183.24198	-50.266
114.33996	183.6408	-49.563
113.8422	183.24198	-48.861
113.59332	183.6408	-48.158
112.3479	183.6408	-47.455
110.8536	183.6408	-46.751
110.35584	183.24198	-46.05
109.36032	183.24198	-45.348
108.86154	183.24198	-44.646
108.86154	183.24198	-43.944
107.86602	182.84418	-43.244
106.6206	183.6408	-42.541
105.1263	184.0386	-41.836
103.632	184.0386	-41.131
102.63648	183.24198	-40.43
101.63994	182.44536	-39.731
99.89676	182.84418	-39.031
99.15012	183.24198	-38.329
97.65582	184.43742	-37.623
96.16152	184.0386	-36.918
94.16946	183.6408	-36.214
92.1774	184.0386	-35.51
90.18534	180.85212	-34.817
88.69104	183.24198	-34.115
86.94786	184.0386	-33.411
84.9558	184.43742	-32.704
82.96374	183.6408	-32.001
81.9672	182.84418	-31.301
80.4729	182.44536	-30.602
78.23196	182.84418	-29.902
75.99102	183.6408	-29.198
73.99896	184.0386	-28.494
72.50466	184.0386	-27.789
71.01036	183.6408	-27.086
70.01382	182.44536	-26.387
69.26718	183.24198	-25.685
68.76942	182.84418	-24.985
68.02176	183.6408	-24.282
67.02624	183.6408	-23.578
66.27858	183.24198	-22.877
65.78082	181.24992	-22.182
66.27858	178.86006	-21.497
66.0297	176.07138	-20.823
66.0297	173.68152	-20.158
66.77736	172.08828	-19.499
66.52746	168.10518	-18.855
66.27858	165.3165	-18.222
66.77736	161.7312	-17.603
66.27858	157.74708	-16.999
66.27858	153.36618	-16.411
65.78082	148.58544	-15.842
65.78082	145.00014	-15.287
65.53194	141.41484	-14.745
65.03418	134.64306	-14.23
64.78428	131.45658	-13.726
64.28652	126.67584	-13.241
64.28652	121.0995	-12.777
63.78876	116.31876	-12.332
63.53988	111.53904	-11.905
63.53988	106.3605	-11.497
63.53988	101.18196	-11.11
63.53988	96.00342	-10.742
63.53988	90.82386	-10.395
63.0411	84.4509	-10.071
62.04558	79.67016	-9.766
61.04904	74.89044	-9.479
60.05352	69.7119	-9.212
58.55922	63.33792	-8.97
57.81258	57.76158	-8.748
56.0694	52.58202	-8.547
55.07286	48.99774	-8.359
53.0808	45.41244	-8.186
51.08874	41.42832	-8.027
49.09668	36.24978	-7.888
47.60238	32.26668	-7.764
45.61032	28.68138	-7.655
43.11948	25.8927	-7.555
40.87854	23.50284	-7.465
37.88994	22.3074	-7.38
35.15124	19.91754	-7.304
32.41152	17.52768	-7.237
29.42292	15.93444	-7.176
25.68768	13.54356	-7.124
22.45122	12.74694	-7.075
18.46608	11.55252	-7.031
13.9842	10.7559	-6.989
10.24896	9.16164	-6.954
6.01494	8.36502	-6.922
2.03082	7.5684	-6.893
-1.9533	6.77178	-6.867
-6.4362	6.37398	-6.843
-10.42032	5.57736	-6.822
-14.15556	4.77972	-6.803
-17.14416	4.38192	-6.787
-20.63052	3.9831	-6.771
-23.6181	3.5853	-6.758
-26.85558	3.5853	-6.744
-29.5953	2.78868	-6.733
-32.08512	2.78868	-6.723
-34.07718	1.59324	-6.716
-35.82036	0	-6.716
-37.31466	-1.59324	-6.723
-39.8055	-1.59324	-6.729
-41.29878	-0.39882	-6.73
-43.54074	0.79662	-6.727
-45.03504	0.79662	-6.724
-47.0271	0	-6.724
-49.01916	-0.39882	-6.726
-51.2601	0	-6.726
-52.50552	0	-6.726
-54.2487	0	-6.726
-55.4931	0	-6.726
-55.99188	0	-6.726
-55.99188	-0.39882	-6.727
-56.24076	0	-6.727
-56.48964	0	-6.727
-56.48964	-0.39882	-6.729
-55.99188	-1.99206	-6.736
-55.99188	-5.97516	-6.759
-55.24422	-10.7559	-6.8
-55.24422	-15.93444	-6.861
-54.99534	-20.71416	-6.941
-54.49758	-24.69828	-7.035
-54.49758	-30.27462	-7.151
-53.99982	-36.24978	-7.29
-53.99982	-42.62376	-7.453
-53.25216	-49.79436	-7.644
-53.25216	-57.76158	-7.865
-53.25216	-64.53336	-8.112
-53.25216	-71.70294	-8.387
-53.50104	-78.87354	-8.689
-54.99534	-86.84076	-9.022
-56.24076	-95.20578	-9.386
-58.23282	-103.57182	-9.783
-60.22488	-111.93684	-10.211
-61.96806	-119.50524	-10.669
-64.4589	-126.67584	-11.154
-67.69536	-132.2532	-11.661
-70.68396	-136.63512	-12.184
-73.42368	-140.61822	-12.723
-75.66462	-144.20352	-13.275
-78.15444	-148.98426	-13.845
-80.1465	-152.17074	-14.428
-82.13958	-155.75604	-15.025
-82.88622	-158.94252	-15.633
-83.63286	-160.93458	-16.25
-84.13164	-162.52782	-16.872
-84.38052	-164.51988	-17.502
-83.38398	-166.51092	-18.14
-83.1351	-168.50298	-18.785
-82.13958	-169.69842	-19.435
-81.14304	-170.89284	-20.089
-80.89416	-172.08828	-20.748
-80.3964	-173.28372	-21.412
-80.64528	-174.87696	-22.082
-80.64528	-174.47814	-22.75
-81.39192	-175.67358	-23.423
-81.39192	-176.868	-24.1
-81.88968	-177.66564	-24.78
-82.13958	-178.06344	-25.462
-82.88622	-178.46226	-26.146
-83.1351	-178.46226	-26.829
-83.38398	-179.65668	-27.517
-84.38052	-180.0555	-28.207
-84.38052	-180.4533	-28.898
-83.63286	-180.85212	-29.591
-83.63286	-180.85212	-30.283
-83.1351	-180.85212	-30.976
-82.38846	-180.85212	-31.668
-81.88968	-180.85212	-32.361
-81.14304	-181.64874	-33.057
-80.3964	-182.04756	-33.754
-79.15098	-182.44536	-34.452
-78.65322	-182.84418	-35.153
-77.90556	-182.44536	-35.851
-77.4078	-182.04756	-36.549
-77.15892	-181.64874	-37.244
-76.66014	-182.04756	-37.941
-76.41126	-182.44536	-38.64
-76.16238	-183.24198	-39.342
-76.41126	-183.6408	-40.045
-76.66014	-183.24198	-40.747
-76.91004	-182.44536	-41.446
-76.66014	-182.44536	-42.144
-76.66014	-182.84418	-42.845
-76.66014	-183.24198	-43.546
-76.41126	-183.6408	-44.25
-75.66462	-183.24198	-44.951
-75.41574	-183.24198	-45.653
-75.41574	-182.84418	-46.353
-75.16686	-183.24198	-47.055
-74.17032	-182.84418	-47.755
-73.42368	-183.6408	-48.459
-72.42714	-183.24198	-49.16
-72.17826	-183.6408	-49.864
-71.6805	-183.24198	-50.565
-71.18172	-182.44536	-51.264
-70.43508	-183.24198	-51.966
-70.1862	-183.6408	-52.669
-69.18966	-184.0386	-53.374
-68.6919	-183.6408	-54.077
-68.19414	-183.24198	-54.779
-67.44648	-183.24198	-55.481
-66.45096	-182.44536	-56.179
-66.20208	-183.24198	-56.881
-65.45442	-183.6408	-57.584
-64.70778	-184.0386	-58.289
-64.209	-183.24198	-58.991
-62.9646	-183.6408	-59.694
-62.46582	-183.24198	-60.396
-61.96806	-183.24198	-61.098
-61.4703	-182.84418	-61.798
-60.47376	-183.6408	-62.501
-59.976	-183.6408	-63.205
-59.72712	-183.6408	-63.908
-59.47824	-183.6408	-64.611
-58.73058	-182.84418	-65.311
-57.98394	-183.24198	-66.013
-57.73506	-183.6408	-66.716
-56.73852	-183.6408	-67.42
-55.99188	-183.6408	-68.123
-55.4931	-183.24198	-68.825
-55.24422	-183.24198	-69.526
-54.49758	-182.84418	-70.227
-54.2487	-183.24198	-70.928
-53.25216	-183.6408	-71.632
-52.25664	-184.43742	-72.338
-51.2601	-183.6408	-73.041
-50.51346	-183.6408	-73.745
-49.7658	-182.84418	-74.445
-48.77028	-182.84418	-75.145
-48.2715	-183.24198	-75.847
-47.77374	-183.24198	-76.549
-46.77822	-184.0386	-77.253
-46.03056	-184.0386	-77.958
-46.03056	-183.6408	-78.661
-46.27944	-182.84418	-79.362
-47.27598	-182.84418	-80.062
-48.2715	-182.84418	-80.762
-48.77028	-182.84418	-81.462
-50.01468	-183.6408	-82.166
-50.76234	-182.44536	-82.864
-51.50898	-180.4533	-83.555
-52.00674	-177.26682	-84.234
-52.7544	-173.68152	-84.899
-53.50104	-170.49504	-85.552
-54.2487	-168.10518	-86.196
-54.2487	-164.91768	-86.828
-53.50104	-162.129	-87.449
-53.00328	-158.94252	-88.057
-52.7544	-153.36618	-88.645
-52.7544	-149.38206	-89.217
-52.25664	-144.20352	-89.769
-52.25664	-140.61822	-90.308
-52.50552	-135.43968	-90.826
-51.75786	-131.05776	-91.328
-52.25664	-126.67584	-91.813
-52.50552	-121.89612	-92.28
-52.25664	-116.31876	-92.726
-53.00328	-111.14022	-93.151
-53.00328	-106.3605	-93.559
-53.25216	-101.18196	-93.946
-53.99982	-95.6046	-94.312
-53.99982	-91.6215	-94.663
-53.74992	-86.44296	-94.994
-53.74992	-81.2634	-95.305
-52.7544	-75.68706	-95.595
-52.00674	-70.50852	-95.865
-51.50898	-64.93116	-96.114
-51.01122	-59.75262	-96.343
-50.51346	-54.17628	-96.55
-49.51692	-49.79436	-96.741
-48.02262	-46.60686	-96.919
-46.27944	-43.02156	-97.084
-45.28392	-38.24184	-97.231
-44.28738	-33.85992	-97.36
-43.04196	-29.478	-97.473
-42.5442	-26.29152	-97.574
-42.29532	-24.29946	-97.667
-41.29878	-22.70622	-97.754
-40.80102	-21.11298	-97.835
-40.30326	-18.7221	-97.906
-39.5556	-16.33224	-97.969
-39.05784	-14.34018	-98.024
-38.56008	-13.14576	-98.074
-38.06232	-11.95032	-98.12
-37.81242	-11.1537	-98.163
-37.31466	-9.95928	-98.201
-37.06578	-9.16164	-98.236
-36.06924	-7.5684	-98.265
-35.3226	-7.1706	-98.292
-35.07372	-6.37398	-98.317
-34.07718	-6.37398	-98.341
-33.33054	-5.57736	-98.362
-32.83278	-4.38192	-98.379
-33.08166	-4.38192	-98.396
-32.5839	-3.5853	-98.41
-31.58736	-3.5853	-98.423
-31.0896	-3.5853	-98.437
-30.34194	-2.78868	-98.448
-29.34642	-2.78868	-98.459
-29.09754	-0.39882	-98.46
-28.59876	0.79662	-98.457
-27.85212	1.59324	-98.451
-27.60324	0.39882	-98.449
-27.10446	-0.39882	-98.451
-26.85558	-0.39882	-98.452
-25.86006	-0.39882	-98.454
-25.61118	0.39882	-98.452
-24.61464	0.39882	-98.451
-23.36922	-0.39882	-98.452
-22.3737	0	-98.452
-21.12828	0	-98.452
-19.63398	0.39882	-98.451
-18.13968	-0.39882	-98.452
-16.3965	0	-98.452
-14.65332	0.39882	-98.451
-12.91014	0	-98.451
-10.6692	-0.39882	-98.452
-9.1749	0.39882	-98.451
-6.93396	0	-98.451
-5.19078	0	-98.451
-2.94984	0	-98.451
-0.95778	0	-98.451
1.03428	0	-98.451
3.52512	0	-98.451
6.01494	0.39882	-98.449
9.00354	0	-98.449
12.24102	0	-98.449
15.97626	0	-98.449
19.21374	0	-98.449
22.45122	0	-98.449
25.93758	0	-98.449
29.67282	0.39882	-98.448
32.90928	0	-98.448
36.14676	0.39882	-98.446
39.38424	0	-98.446
42.8706	0	-98.446
46.60584	0.39882	-98.445
50.58996	0.39882	-98.443
54.07632	0.79662	-98.44
57.06492	1.99206	-98.433
60.55128	1.99206	-98.425
63.0411	2.38986	-98.416
65.28306	2.38986	-98.407
66.52746	1.99206	-98.399
68.02176	2.38986	-98.39
68.52054	2.78868	-98.379
69.26718	3.5853	-98.366
70.01382	4.77972	-98.347
70.26372	7.5684	-98.318
69.76494	11.95032	-98.272
69.51606	16.73106	-98.208
69.0183	21.51078	-98.126
68.27064	26.68932	-98.024
67.77288	31.47006	-97.903
67.524	37.0464	-97.761
66.77736	43.8192	-97.594
67.524	50.59098	-97.4
67.77288	57.76158	-97.179
69.26718	65.32998	-96.928
71.01036	72.50058	-96.651
73.00242	79.27236	-96.347
74.7456	86.84076	-96.015
76.73766	93.61254	-95.656
78.9786	99.1899	-95.276
80.97168	103.57182	-94.88
82.96374	107.15712	-94.469
85.20468	110.3436	-94.047
87.19674	115.12434	-93.606
89.43768	116.31876	-93.16
91.42974	121.4973	-92.695
92.92404	123.09054	-92.224
94.66722	125.48142	-91.743
96.65928	127.87128	-91.253
98.15358	129.46452	-90.758
98.90124	131.05776	-90.256
99.64788	132.651	-89.748
100.14564	134.64306	-89.232
100.8933	135.04188	-88.715
101.14218	135.8385	-88.195
101.63994	136.63512	-87.671
101.63994	138.22836	-87.142
102.3876	139.8216	-86.607
102.88536	140.22042	-86.07
103.8819	140.61822	-85.531
104.37966	141.01704	-84.991
105.1263	141.41484	-84.449
106.12284	141.81366	-83.906
107.11836	143.00808	-83.359
107.36724	143.4069	-82.809
107.61714	143.4069	-82.26
107.86602	143.4069	-81.711
108.61266	143.80572	-81.16
108.61266	144.20352	-80.608
109.36032	144.60234	-80.054
109.6092	144.60234	-79.501
110.35584	145.39896	-78.944
110.60472	145.39896	-78.387
110.60472	145.39896	-77.83
110.35584	145.00014	-77.275
109.85808	145.79676	-76.716
109.6092	145.39896	-76.16
109.6092	145.39896	-75.603
109.11042	145.79676	-75.044
108.61266	146.19558	-74.485
107.86602	146.19558	-73.925
107.61714	146.59338	-73.363
107.36724	145.79676	-72.805
107.11836	146.19558	-72.245
106.6206	146.19558	-71.685
106.12284	146.19558	-71.125
105.37518	146.59338	-70.564
104.87742	146.19558	-70.004
105.1263	146.19558	-69.444
104.62854	146.59338	-68.883
104.87742	146.19558	-68.323
105.1263	146.59338	-67.761
105.62508	146.59338	-67.2
105.62508	146.9922	-66.637
105.62508	146.59338	-66.076
105.87396	146.59338	-65.514
105.87396	146.9922	-64.951
105.37518	146.19558	-64.391
105.62508	146.59338	-63.83
105.37518	146.19558	-63.27
104.87742	146.9922	-62.707
105.1263	146.9922	-62.144
105.1263	147.78882	-61.578
105.1263	145.39896	-61.022
105.37518	146.19558	-60.462
105.37518	146.59338	-59.9
105.1263	147.39	-59.336
104.62854	147.39	-58.771
104.13078	146.59338	-58.21
104.87742	146.59338	-57.649
105.1263	146.19558	-57.089
104.87742	145.79676	-56.53
105.37518	146.9922	-55.967
105.62508	147.39	-55.403
105.87396	147.39	-54.838
106.37172	146.9922	-54.276
106.12284	146.59338	-53.714
106.37172	146.19558	-53.154
106.12284	146.59338	-52.593
105.87396	146.59338	-52.031
106.37172	148.18662	-51.464
106.37172	145.39896	-50.907
106.12284	146.9922	-50.344
105.87396	146.59338	-49.783
105.87396	146.59338	-49.221
105.62508	146.9922	-48.658
105.37518	146.9922	-48.095
104.62854	146.9922	-47.533
104.37966	146.59338	-46.971
103.13424	146.59338	-46.41
102.63648	146.59338	-45.848
102.63648	146.59338	-45.287
101.88882	146.9922	-44.724
101.39106	146.59338	-44.163
101.14218	146.19558	-43.603
100.64442	146.59338	-43.041
100.39554	146.9922	-42.478
99.64788	147.39	-41.914
98.90124	146.9922	-41.351
97.9047	146.9922	-40.788
96.90918	146.19558	-40.228
96.16152	146.19558	-39.668
95.41488	146.59338	-39.107
94.16946	146.9922	-38.544
92.92404	147.39	-37.98
91.92852	146.59338	-37.418
90.93198	146.59338	-36.857
89.68758	146.9922	-36.294
88.69104	146.19558	-35.734
87.6945	146.59338	-35.173
85.95132	146.9922	-34.61
84.70692	146.9922	-34.047
83.4615	146.19558	-33.487
82.71486	146.59338	-32.925
80.97168	146.9922	-32.362
80.4729	146.59338	-31.801
79.47738	146.59338	-31.24
78.23196	146.9922	-30.677
76.98654	146.9922	-30.114
75.74214	146.59338	-29.552
74.24784	146.9922	-28.989
72.50466	146.59338	-28.428
71.757	146.19558	-27.868
70.26372	146.19558	-27.308
69.0183	146.9922	-26.745
68.27064	146.9922	-26.182
67.02624	146.9922	-25.62
65.78082	146.9922	-25.057
64.78428	146.59338	-24.495
64.28652	146.19558	-23.935
63.0411	146.59338	-23.374
62.04558	146.9922	-22.811
60.55128	146.9922	-22.248
59.05698	146.9922	-21.685
58.55922	146.59338	-21.124
58.55922	146.19558	-20.564
58.55922	146.59338	-20.002
58.8081	147.39	-19.438
58.8081	145.79676	-18.88
58.8081	146.9922	-18.317
59.05698	146.59338	-17.755
59.80464	144.20352	-17.203
60.55128	141.01704	-16.663
61.29792	137.82954	-16.135
62.29446	135.8385	-15.615
62.54334	133.84644	-15.102
63.291	131.45658	-14.599
63.78876	128.26908	-14.108
64.03764	123.88716	-13.633
64.28652	120.30288	-13.173
64.78428	115.52214	-12.73
65.03418	111.14022	-12.305
65.28306	107.55492	-11.893
65.53194	103.173	-11.497
65.53194	98.79108	-11.119
66.0297	94.01136	-10.759
66.27858	89.23062	-10.417
67.27512	83.65428	-10.097
67.27512	78.87354	-9.795
66.52746	73.695	-9.513
66.52746	68.91528	-9.249
65.78082	64.13454	-9.003
65.53194	58.956	-8.777
65.78082	53.37966	-8.573
65.03418	47.8023	-8.39
64.78428	44.217	-8.221
63.78876	41.82714	-8.06
63.0411	37.84302	-7.915
62.29446	33.85992	-7.786
61.7967	29.87682	-7.671
61.29792	25.8927	-7.572
61.29792	23.50284	-7.482
60.80016	21.51078	-7.4
60.3024	20.31636	-7.322
59.80464	18.7221	-7.25
59.80464	16.33224	-7.188
59.55576	14.34018	-7.133
59.80464	12.74694	-7.084
60.55128	11.55252	-7.04
60.55128	10.7559	-6.999
61.04904	9.95928	-6.96
61.04904	8.76384	-6.927
61.29792	7.96722	-6.896
61.7967	7.1706	-6.869
62.04558	6.37398	-6.845
62.29446	5.57736	-6.823
62.29446	5.17854	-6.803
61.7967	4.77972	-6.785
62.54334	4.38192	-6.768
62.54334	3.9831	-6.753
62.54334	3.5853	-6.739
62.79222	2.78868	-6.729
62.54334	3.18648	-6.716
62.79222	2.38986	-6.707
62.79222	1.59324	-6.701
63.0411	-0.39882	-6.703
62.79222	-1.19544	-6.707
62.79222	-0.39882	-6.709
62.79222	0	-6.709
62.79222	0.39882	-6.707
62.54334	0	-6.707
62.54334	0	-6.707
62.54334	0	-6.707
62.54334	0	-6.707
62.29446	0	-6.707
61.7967	0	-6.707
61.29792	0	-6.707
60.80016	0	-6.707
60.3024	0	-6.707
60.05352	0	-6.707
59.80464	0	-6.707
60.05352	0	-6.707
60.05352	0	-6.707
60.05352	0	-6.707
60.3024	0	-6.707
60.05352	0	-6.707
60.05352	0	-6.707
59.80464	0	-6.707
59.80464	0	-6.707
59.30586	0	-6.707
59.05698	0	-6.707
58.55922	0	-6.707
57.81258	0	-6.707
56.81604	0	-6.707
55.8195	0	-6.707
55.07286	0	-6.707
54.32622	0	-6.707
53.82744	0	-6.707
53.57856	0	-6.707
54.07632	0	-6.707
54.32622	0	-6.707
55.32174	-0.39882	-6.709
55.8195	-0.39882	-6.71
56.81604	-1.19544	-6.715
57.56268	-2.38986	-6.724
57.56268	-3.5853	-6.738
58.31034	-5.97516	-6.761
58.55922	-6.77178	-6.787
58.8081	-8.36502	-6.819
58.55922	-9.56046	-6.855
57.81258	-10.7559	-6.896
57.56268	-12.34914	-6.944
56.31828	-13.54356	-6.996
55.57062	-14.739	-7.052
54.07632	-16.33224	-7.115
52.83192	-17.92548	-7.183
51.5865	-18.3243	-7.253
50.83986	-19.51974	-7.328
49.34556	-20.31636	-7.406
48.10014	-21.9096	-7.49
47.1036	-23.50284	-7.58
46.35696	-23.90064	-7.671
45.61032	-25.09608	-7.768
44.61378	-25.8927	-7.867
43.86714	-27.08814	-7.97
43.61826	-27.88476	-8.077
42.62172	-29.478	-8.19
42.12396	-29.87682	-8.305
41.3763	-30.27462	-8.42
40.87854	-31.86786	-8.542
40.1319	-32.66448	-8.668
39.38424	-33.4611	-8.796
38.88648	-34.65654	-8.928
38.6376	-35.05536	-9.063
37.88994	-36.24978	-9.202
36.89442	-37.0464	-9.343
36.39564	-37.84302	-9.488
35.40012	-37.84302	-9.633
34.1547	-39.03846	-9.783
33.40806	-39.83508	-9.935
32.6604	-40.6317	-10.091
31.91376	-41.82714	-10.251
30.66834	-42.22494	-10.413
29.9217	-42.62376	-10.576
28.92516	-43.02156	-10.741
28.4274	-44.217	-10.91
27.43086	-44.61582	-11.081
26.43534	-45.41244	-11.255
25.68768	-46.20906	-11.432
24.94104	-46.60686	-11.61
24.1944	-47.00568	-11.79
23.19786	-47.40348	-11.972
22.45122	-48.59892	-12.158
21.95244	-48.59892	-12.344
21.2058	-49.39554	-12.533
20.95692	-50.19216	-12.726
20.20926	-50.59098	-12.919
19.7115	-50.59098	-13.113
18.71496	-51.7854	-13.311
17.96832	-51.7854	-13.51
17.47056	-52.58202	-13.711
16.7229	-53.37966	-13.915
16.22514	-53.37966	-14.12
15.4785	-53.37966	-14.324
14.48196	-54.57408	-14.533
13.23654	-54.57408	-14.742
12.73878	-55.3707	-14.954
11.49336	-55.76952	-15.168
10.49784	-56.16732	-15.383
9.75018	-56.56614	-15.6
9.00354	-56.56614	-15.816
8.50578	-57.36276	-16.036
7.50924	-57.36276	-16.256
6.51372	-58.15938	-16.478
5.76606	-58.5582	-16.703
5.01942	-58.956	-16.928
5.01942	-58.956	-17.154
4.27176	-59.35482	-17.382
3.774	-59.75262	-17.61
3.52512	-60.15144	-17.841
2.52858	-60.15144	-18.071
2.03082	-60.94806	-18.305
1.03428	-61.34586	-18.539
0.28764	-60.54924	-18.771
-0.459	-61.74468	-19.008
-1.20666	-62.14248	-19.246
-1.9533	-62.5413	-19.485
-2.45208	-62.5413	-19.725
-2.20218	-62.94012	-19.966
-2.20218	-62.94012	-20.207
-2.20218	-63.33792	-20.449
-1.70442	-63.33792	-20.692
-1.70442	-64.13454	-20.938
-1.20666	-63.73674	-21.182
-1.45554	-64.53336	-21.429
-0.95778	-64.53336	-21.676
-1.45554	-64.53336	-21.923
-1.70442	-65.32998	-22.173
-2.45208	-65.32998	-22.423
-2.70096	-65.32998	-22.674
-2.94984	-65.72778	-22.925
-2.94984	-65.72778	-23.177
-3.19872	-66.5244	-23.432
-2.94984	-66.1266	-23.685
-2.20218	-66.5244	-23.94
-2.20218	-66.92322	-24.196
-1.70442	-66.92322	-24.452
-0.95778	-66.92322	-24.709
-0.7089	-67.32204	-24.967
-0.7089	-67.32204	-25.224
-0.95778	-67.71984	-25.484
-0.7089	-67.71984	-25.743
-1.20666	-68.11866	-26.004
-1.45554	-68.11866	-26.265
-1.70442	-68.51646	-26.527
-1.70442	-68.11866	-26.788
-1.9533	-68.91528	-27.052
-1.70442	-68.91528	-27.316
-1.20666	-68.91528	-27.58
-1.20666	-69.31308	-27.845
-0.95778	-69.31308	-28.111
-0.7089	-69.31308	-28.376
-0.95778	-69.31308	-28.642
-0.459	-69.7119	-28.909
-0.7089	-69.7119	-29.176
-0.459	-70.1097	-29.444
-0.95778	-70.1097	-29.713
-0.95778	-69.7119	-29.98
-1.20666	-70.90632	-30.251
-1.70442	-70.1097	-30.52
-2.45208	-70.50852	-30.79
-2.45208	-70.50852	-31.06
-2.45208	-70.90632	-31.331
-1.9533	-70.90632	-31.603
-1.70442	-71.30514	-31.876
-0.95778	-71.30514	-32.149
-0.459	-71.30514	-32.422
-0.21012	-71.30514	-32.695
0.03876	-71.30514	-32.968
0.7854	-71.30514	-33.241
0.7854	-71.70294	-33.516
0.7854	-71.70294	-33.79
0.28764	-72.10176	-34.067
0.28764	-72.50058	-34.344
-0.459	-70.90632	-34.616
-0.7089	-72.10176	-34.892
-0.7089	-72.10176	-35.168
-0.7089	-72.50058	-35.446
-0.459	-72.50058	-35.723
-0.459	-72.50058	-36.001
0.03876	-72.50058	-36.279
0.03876	-72.50058	-36.556
0.28764	-72.50058	-36.834
0.28764	-72.50058	-37.112
0.53652	-72.89838	-37.391
0.53652	-72.89838	-37.67
0.53652	-73.2972	-37.951
0.53652	-72.89838	-38.23
0.03876	-72.89838	-38.509
-0.21012	-73.2972	-38.79
-0.459	-72.89838	-39.069
-0.459	-73.695	-39.351
-0.459	-73.2972	-39.632
-0.7089	-73.695	-39.914
-1.20666	-73.2972	-40.195
-1.45554	-73.695	-40.477
-1.20666	-73.2972	-40.758
-1.20666	-73.695	-41.04
-0.7089	-73.695	-41.322
-0.95778	-73.695	-41.604
-0.95778	-74.09382	-41.888
-0.95778	-73.695	-42.17
-0.7089	-73.695	-42.452
-0.7089	-74.09382	-42.736
-1.20666	-73.695	-43.018
-1.20666	-74.09382	-43.302
-1.45554	-74.09382	-43.586
-1.20666	-74.49162	-43.871
-1.70442	-74.09382	-44.155
-1.45554	-74.49162	-44.44
-1.70442	-74.09382	-44.724
-1.70442	-74.49162	-45.009
-1.9533	-74.09382	-45.293
-1.70442	-74.09382	-45.577
-1.9533	-74.89044	-45.864
-1.9533	-74.89044	-46.15
-1.9533	-74.49162	-46.436
-2.20218	-74.89044	-46.723
-1.9533	-74.09382	-47.006
-1.9533	-74.49162	-47.292
-1.9533	-74.49162	-47.577
-1.70442	-74.49162	-47.862
-2.20218	-75.28824	-48.15
-2.20218	-74.89044	-48.437
-1.9533	-74.49162	-48.723
-1.70442	-74.89044	-49.009
-1.9533	-75.28824	-49.298
-1.70442	-74.49162	-49.583
-1.70442	-75.28824	-49.871
-1.9533	-74.89044	-50.158
-1.70442	-74.49162	-50.443
-1.20666	-75.28824	-50.732
-1.70442	-75.28824	-51.02
-1.70442	-74.89044	-51.307
-1.70442	-75.28824	-51.595
-1.70442	-74.89044	-51.882
-1.9533	-75.28824	-52.17
-1.9533	-75.28824	-52.459
-2.45208	-75.28824	-52.747
-1.9533	-75.28824	-53.035
-2.20218	-74.89044	-53.322
-2.20218	-75.28824	-53.61
-1.9533	-75.28824	-53.899
-2.45208	-75.68706	-54.189
-2.45208	-75.28824	-54.477
-2.94984	-75.28824	-54.765
-3.4476	-75.28824	-55.054
-3.19872	-75.28824	-55.342
-3.19872	-75.28824	-55.63
-3.4476	-74.89044	-55.917
-4.19526	-74.89044	-56.204
-4.19526	-74.09382	-56.488
-4.9419	-72.89838	-56.767
-5.19078	-72.10176	-57.043
-4.69302	-71.70294	-57.317
-3.94536	-70.50852	-57.587
-4.19526	-70.1097	-57.856
-4.9419	-68.91528	-58.12
-5.93742	-67.71984	-58.379
-6.68508	-66.1266	-58.632
-6.68508	-66.1266	-58.886
-6.4362	-67.71984	-59.145
-5.68854	-67.71984	-59.404
-5.93742	-65.72778	-59.656
-6.68508	-62.94012	-59.897
-6.93396	-59.75262	-60.126
-7.6806	-58.15938	-60.349
-7.18284	-57.76158	-60.57
-6.68508	-58.15938	-60.793
-6.4362	-58.15938	-61.015
-6.68508	-57.36276	-61.235
-6.93396	-54.57408	-61.444
-7.43172	-52.18422	-61.644
-7.43172	-50.98878	-61.839
-7.6806	-50.19216	-62.031
-7.18284	-50.19216	-62.224
-6.68508	-50.19216	-62.416
-6.4362	-49.39554	-62.605
-6.4362	-47.8023	-62.788
-6.68508	-46.20906	-62.965
-6.93396	-43.8192	-63.133
-6.4362	-43.42038	-63.299
-6.4362	-43.42038	-63.465
-5.93742	-43.8192	-63.633
-5.43966	-43.02156	-63.798
-5.43966	-41.42832	-63.957
-5.19078	-40.2339	-64.111
-5.19078	-38.64066	-64.259
-5.19078	-37.84302	-64.404
-5.19078	-37.0464	-64.546
-4.69302	-37.84302	-64.69
-4.44414	-37.0464	-64.832
-4.44414	-36.24978	-64.971
-4.44414	-35.05536	-65.105
-4.69302	-33.85992	-65.235
-4.9419	-32.66448	-65.36
-4.9419	-32.26668	-65.484
-4.69302	-32.26668	-65.607
-4.19526	-32.26668	-65.731
-4.19526	-31.86786	-65.853
-4.44414	-31.07124	-65.972
-4.9419	-29.0802	-66.083
-4.69302	-28.28256	-66.192
-5.19078	-27.88476	-66.298
-5.19078	-27.88476	-66.405
-4.69302	-28.28256	-66.514
-3.94536	-27.48594	-66.619
-3.94536	-27.08814	-66.723
-4.19526	-25.8927	-66.822
-4.69302	-24.69828	-66.916
-4.69302	-23.90064	-67.008
-4.44414	-23.50284	-67.098
-4.19526	-24.29946	-67.191
-4.19526	-24.29946	-67.284
-3.69648	-23.90064	-67.375
-3.69648	-22.3074	-67.461
-3.94536	-21.9096	-67.545
-4.19526	-20.71416	-67.624
-4.44414	-20.71416	-67.703
-4.19526	-20.71416	-67.783
-3.94536	-20.71416	-67.862
-3.94536	-20.71416	-67.941
-3.69648	-19.51974	-68.016
-3.94536	-19.12092	-68.089
-3.69648	-18.3243	-68.16
-3.69648	-17.92548	-68.228
-3.94536	-17.92548	-68.297
-3.19872	-17.92548	-68.366
-3.19872	-17.52768	-68.433
-3.19872	-17.52768	-68.5
-3.19872	-16.73106	-68.564
-3.19872	-15.53562	-68.623
-3.19872	-15.53562	-68.683
-2.94984	-15.53562	-68.742
-2.20218	-15.53562	-68.802
-2.20218	-15.53562	-68.861
-1.9533	-15.13782	-68.919
-2.20218	-14.34018	-68.974
-2.20218	-13.54356	-69.026
-2.70096	-13.54356	-69.078
-2.20218	-13.54356	-69.13
-2.20218	-13.54356	-69.182
-2.20218	-13.54356	-69.234
-2.45208	-12.74694	-69.282
-2.45208	-12.74694	-69.331
-2.70096	-11.95032	-69.377
-2.70096	-11.55252	-69.421
-2.70096	-11.95032	-69.467
-2.94984	-11.55252	-69.511
-2.45208	-11.95032	-69.557
-2.70096	-11.1537	-69.6
-2.45208	-11.1537	-69.642
-2.70096	-10.35708	-69.682
-3.19872	-10.35708	-69.722
-3.19872	-9.56046	-69.758
-3.4476	-10.35708	-69.798
-2.94984	-9.95928	-69.836
-2.94984	-9.95928	-69.874
-2.70096	-9.95928	-69.912
-2.70096	-9.56046	-69.949
-3.19872	-8.76384	-69.983
-3.4476	-7.96722	-70.013
-3.19872	-8.36502	-70.045
-3.19872	-8.76384	-70.079
-2.70096	-9.16164	-70.114
-2.45208	-8.76384	-70.147
-2.45208	-8.36502	-70.179
-2.45208	-7.5684	-70.208
-2.70096	-7.1706	-70.236
-2.94984	-6.77178	-70.262
-2.70096	-7.1706	-70.289
-2.70096	-7.96722	-70.32
-2.70096	-7.96722	-70.35
-2.45208	-7.1706	-70.378
-2.20218	-6.77178	-70.404
-2.45208	-6.37398	-70.428
-2.70096	-6.37398	-70.452
-2.94984	-5.97516	-70.475
-2.70096	-6.37398	-70.5
-2.70096	-6.77178	-70.526
-2.20218	-6.37398	-70.55
-2.45208	-6.37398	-70.575
-2.45208	-5.57736	-70.596
-2.70096	-5.17854	-70.616
-2.70096	-5.17854	-70.636
-2.70096	-5.57736	-70.657
-2.70096	-5.57736	-70.678
-2.45208	-5.97516	-70.701
-2.20218	-5.17854	-70.721
-2.70096	-4.77972	-70.739
-2.45208	-4.77972	-70.758
-2.70096	-4.77972	-70.776
-2.45208	-4.77972	-70.794
-2.45208	-4.38192	-70.811
-2.20218	-5.17854	-70.831
-2.45208	-4.77972	-70.849
-2.70096	-4.38192	-70.866
-2.70096	-3.9831	-70.881
-2.94984	-3.9831	-70.896
-3.19872	-3.9831	-70.912
-2.94984	-3.9831	-70.927
-2.70096	-4.38192	-70.944
-2.45208	-3.9831	-70.959
-2.45208	-4.38192	-70.976
-2.94984	-3.5853	-70.989
-3.69648	-3.18648	-71.002
-4.44414	-3.18648	-71.014
-4.44414	-3.5853	-71.028
-4.44414	-3.9831	-71.043
-3.69648	-3.5853	-71.057
-3.4476	-3.5853	-71.07
-3.4476	-2.78868	-71.081
-4.19526	0.39882	-71.079
-3.94536	1.99206	-71.072
-3.94536	1.59324	-71.066
-3.4476	0.39882	-71.064
-3.19872	-0.79662	-71.067
-3.4476	-0.79662	-71.07
-3.19872	0	-71.07
-3.4476	0.39882	-71.069
-2.94984	0	-71.069
-3.4476	0	-71.069
-2.94984	0	-71.069
-3.19872	0	-71.069
-3.19872	0	-71.069
-3.19872	0	-71.069
-3.19872	0	-71.069
-3.19872	0	-71.069
-3.4476	0	-71.069
-2.94984	0	-71.069
-3.4476	0	-71.069
-2.94984	0	-71.069
-3.19872	0	-71.069
-2.94984	0	-71.069
-3.19872	0	-71.069
-2.94984	0	-71.069
-2.94984	0	-71.069
-2.94984	0	-71.069
-2.70096	0	-71.069
-2.94984	0	-71.069
-2.70096	0	-71.069
-2.94984	0	-71.069
-2.70096	0	-71.069
-2.94984	0	-71.069
-2.70096	0	-71.069
-2.94984	0	-71.069
-2.94984	0	-71.069
-2.70096	0	-71.069
-2.94984	0	-71.069
-2.45208	0	-71.069
-2.94984	0	-71.069
-2.45208	0	-71.069
-2.94984	0	-71.069
-2.45208	0	-71.069
-2.70096	0	-71.069
-2.45208	0	-71.069
-2.70096	0	-71.069
-2.45208	0	-71.069
-2.45208	0	-71.069
-2.70096	0	-71.069
-2.45208	0	-71.069
-2.70096	0	-71.069
-2.45208	0	-71.069
-2.70096	0	-71.069
-2.45208	0	-71.069
-2.70096	0	-71.069
-2.45208	0	-71.069
-2.45208	0	-71.069
-2.70096	0	-71.069
-2.45208	0	-71.069
-2.70096	0	-71.069
-2.45208	0	-71.069
-2.70096	0	-71.069
-2.45208	0	-71.069
-2.70096	0	-71.069
-2.45208	0	-71.069
-2.45208	0	-71.069
-2.70096	0	-71.069
-2.20218	0	-71.069
-2.70096	0	-71.069
-2.20218	0	-71.069
-2.45208	0	-71.069
0	0	0
