[info]
speed	300
torque	/
position	/
gravity	/
termination type	/
termination val	/
stopmode	/
pause	/
[SetUp]	/
anatomical zero	/
mov1	/
mov2	/
end position	/
scale values	/
max GET mov1	/
max GET mov2	/
[filter]	/
filter	/
[markers by index]	/
move 1	/
move 2	/
max power start	/
max power end	/
	/
[data]
-5.68854	15.13782	-51.745
-5.93742	15.53562	-51.685
-5.43966	15.53562	-51.626
-5.43966	15.13782	-51.568
-5.43966	15.53562	-51.508
-5.68854	14.739	-51.452
-5.43966	15.53562	-51.392
-5.43966	15.13782	-51.334
-5.43966	15.53562	-51.275
-5.43966	15.13782	-51.217
-5.68854	15.53562	-51.157
-5.68854	15.13782	-51.099
-5.19078	15.13782	-51.041
-5.43966	15.13782	-50.983
-5.43966	15.53562	-50.924
-5.43966	15.13782	-50.866
-5.19078	15.53562	-50.806
-5.19078	15.13782	-50.748
-5.43966	15.53562	-50.689
-5.43966	15.13782	-50.631
-5.43966	15.13782	-50.573
-5.19078	15.13782	-50.515
-5.19078	15.53562	-50.456
-4.9419	15.13782	-50.398
-4.9419	15.53562	-50.338
-4.9419	15.53562	-50.279
-5.19078	15.13782	-50.221
-4.9419	15.13782	-50.163
-4.9419	15.13782	-50.105
-4.69302	15.13782	-50.047
-4.69302	15.53562	-49.987
-4.9419	15.13782	-49.929
-4.9419	15.53562	-49.87
-4.9419	15.53562	-49.81
-4.69302	14.739	-49.754
-4.69302	15.53562	-49.694
-4.69302	15.13782	-49.636
-4.44414	15.53562	-49.577
-4.44414	15.13782	-49.519
-4.69302	15.53562	-49.459
-4.44414	15.13782	-49.401
-4.44414	15.53562	-49.342
-4.69302	15.13782	-49.284
-4.69302	15.13782	-49.226
-4.69302	15.53562	-49.166
-4.44414	15.13782	-49.108
-4.44414	15.13782	-49.05
-4.69302	15.13782	-48.993
-4.69302	15.53562	-48.933
-4.69302	15.53562	-48.874
-4.44414	15.13782	-48.816
-4.44414	15.13782	-48.758
-4.69302	15.53562	-48.698
-4.44414	15.13782	-48.64
-4.44414	15.53562	-48.581
-4.44414	15.13782	-48.523
-4.69302	15.13782	-48.465
-4.69302	15.53562	-48.405
-4.44414	15.13782	-48.347
-4.69302	15.53562	-48.288
-4.44414	15.13782	-48.23
-4.44414	15.13782	-48.172
-4.69302	15.13782	-48.114
-4.44414	15.53562	-48.054
-4.19526	15.13782	-47.996
-4.19526	15.13782	-47.938
-4.44414	15.53562	-47.879
-4.44414	15.53562	-47.819
-4.19526	15.13782	-47.761
-4.44414	15.13782	-47.703
-3.94536	15.53562	-47.644
-4.19526	15.13782	-47.586
-3.94536	15.13782	-47.528
-3.94536	15.13782	-47.47
-4.19526	15.53562	-47.411
-4.19526	15.53562	-47.351
-3.69648	15.13782	-47.293
-4.19526	15.13782	-47.235
-3.69648	15.13782	-47.177
-4.19526	15.53562	-47.118
-3.69648	15.13782	-47.06
-3.69648	15.53562	-47
-3.94536	15.13782	-46.942
-3.94536	15.53562	-46.883
-3.69648	15.13782	-46.825
-3.94536	15.13782	-46.767
-4.19526	15.13782	-46.709
-3.94536	15.53562	-46.649
-3.94536	15.13782	-46.591
-3.94536	15.13782	-46.533
-4.19526	15.53562	-46.474
-4.19526	15.13782	-46.416
-4.19526	15.53562	-46.356
-4.19526	14.739	-46.3
-4.44414	15.53562	-46.24
-3.94536	15.53562	-46.181
-4.19526	15.13782	-46.123
-3.94536	15.13782	-46.065
-3.94536	15.13782	-46.007
-4.19526	15.53562	-45.948
-4.44414	15.13782	-45.89
-4.44414	15.53562	-45.83
-4.44414	15.53562	-45.771
-4.19526	14.739	-45.714
-4.44414	15.13782	-45.656
-3.94536	15.53562	-45.597
-4.44414	15.13782	-45.539
-4.19526	15.53562	-45.479
-4.19526	15.53562	-45.42
-4.44414	15.13782	-45.362
-4.19526	15.13782	-45.304
-4.19526	15.13782	-45.246
-3.94536	15.53562	-45.186
-3.94536	15.13782	-45.128
-4.19526	15.53562	-45.069
-4.19526	15.53562	-45.009
-3.69648	15.13782	-44.951
-3.94536	15.13782	-44.893
-4.19526	15.13782	-44.835
-4.19526	15.53562	-44.776
-3.94536	15.13782	-44.718
-3.94536	15.13782	-44.66
-3.94536	15.53562	-44.6
-3.69648	15.13782	-44.542
-3.94536	15.53562	-44.483
-3.4476	14.739	-44.427
-3.69648	15.53562	-44.367
-3.94536	15.13782	-44.309
-3.69648	15.53562	-44.25
-3.4476	15.53562	-44.19
-3.4476	14.739	-44.134
-3.4476	15.53562	-44.074
-3.19872	15.13782	-44.016
-3.69648	15.53562	-43.957
-3.69648	15.13782	-43.899
-3.69648	15.53562	-43.839
-3.4476	15.13782	-43.781
-3.4476	15.13782	-43.723
-3.19872	15.13782	-43.665
-3.69648	15.53562	-43.606
-3.4476	15.53562	-43.546
-3.94536	15.13782	-43.488
-3.4476	15.13782	-43.43
-3.69648	15.53562	-43.371
-3.94536	15.13782	-43.313
-3.69648	15.13782	-43.255
-3.69648	15.53562	-43.195
-3.69648	15.53562	-43.136
-3.94536	15.13782	-43.078
-3.94536	15.13782	-43.02
-3.69648	15.53562	-42.96
-3.69648	15.13782	-42.903
-3.94536	15.13782	-42.845
-4.19526	15.13782	-42.787
-3.94536	15.53562	-42.727
-4.19526	15.53562	-42.668
-3.94536	15.13782	-42.61
-4.19526	15.13782	-42.552
-3.94536	15.13782	-42.494
-4.19526	15.13782	-42.436
-4.19526	15.53562	-42.376
-4.44414	15.53562	-42.317
-4.44414	15.13782	-42.259
-4.44414	15.53562	-42.199
-3.94536	15.13782	-42.141
-4.44414	15.13782	-42.083
-4.44414	15.13782	-42.025
-3.94536	15.53562	-41.966
-4.44414	15.13782	-41.908
-4.44414	15.53562	-41.848
-4.19526	15.13782	-41.79
-4.19526	15.13782	-41.732
-4.44414	15.53562	-41.673
-4.44414	15.13782	-41.615
-4.19526	15.13782	-41.557
-3.94536	15.53562	-41.497
-3.94536	15.13782	-41.44
-3.94536	15.13782	-41.382
-4.19526	15.53562	-41.322
-4.19526	15.53562	-41.263
-3.94536	15.13782	-41.205
-4.19526	15.13782	-41.147
-4.19526	15.13782	-41.089
-4.19526	15.53562	-41.029
-4.19526	15.13782	-40.971
-4.44414	15.53562	-40.912
-3.94536	15.13782	-40.854
-3.94536	15.13782	-40.796
-4.44414	15.53562	-40.736
-4.19526	15.13782	-40.678
-4.19526	15.13782	-40.62
-4.19526	15.13782	-40.562
-4.44414	15.53562	-40.503
-4.19526	15.13782	-40.445
-4.44414	15.53562	-40.385
-4.69302	15.13782	-40.327
-4.69302	15.53562	-40.268
-4.9419	15.13782	-40.21
-4.44414	15.13782	-40.152
-4.69302	15.13782	-40.094
-4.69302	15.13782	-40.036
-4.69302	15.53562	-39.977
-4.9419	15.13782	-39.919
-4.69302	15.53562	-39.859
-4.69302	15.13782	-39.801
-5.19078	15.13782	-39.743
-5.19078	15.53562	-39.684
-4.9419	15.13782	-39.626
-4.9419	15.13782	-39.568
-4.9419	15.53562	-39.508
-5.19078	15.13782	-39.45
-5.19078	15.53562	-39.391
-5.68854	15.53562	-39.331
-5.43966	15.13782	-39.273
-5.68854	15.13782	-39.215
-5.43966	15.13782	-39.157
-5.43966	15.53562	-39.098
-5.43966	15.13782	-39.04
-5.43966	15.13782	-38.982
-5.43966	15.53562	-38.922
-5.43966	15.53562	-38.863
-5.43966	15.13782	-38.805
-5.68854	15.13782	-38.747
-5.68854	15.13782	-38.689
-5.43966	15.53562	-38.629
-5.19078	15.13782	-38.571
-5.43966	15.53562	-38.512
-5.43966	15.13782	-38.454
-5.43966	15.13782	-38.396
-5.68854	15.13782	-38.338
-5.43966	15.53562	-38.279
-5.43966	15.13782	-38.221
-5.19078	15.53562	-38.161
-5.19078	15.13782	-38.103
-5.19078	15.13782	-38.045
-4.9419	15.53562	-37.986
-4.9419	15.13782	-37.928
-5.43966	15.53562	-37.868
-5.43966	15.13782	-37.81
-5.19078	15.13782	-37.752
-5.43966	15.53562	-37.693
-5.43966	15.13782	-37.635
-5.68854	15.53562	-37.575
-5.68854	15.13782	-37.517
-5.68854	15.13782	-37.459
-5.93742	15.53562	-37.4
-5.93742	15.13782	-37.342
-5.68854	15.53562	-37.282
-5.68854	15.13782	-37.224
-5.68854	15.13782	-37.166
-5.93742	15.53562	-37.107
-5.93742	15.13782	-37.049
-5.68854	15.13782	-36.991
-5.93742	15.53562	-36.932
-5.93742	15.13782	-36.874
-5.68854	15.53562	-36.814
-6.18732	15.13782	-36.756
-6.18732	15.13782	-36.698
-6.4362	15.53562	-36.639
-6.4362	15.13782	-36.581
-6.18732	15.53562	-36.521
-6.68508	15.13782	-36.463
-6.18732	15.53562	-36.404
-6.68508	14.739	-36.347
-6.4362	15.53562	-36.288
-6.68508	15.13782	-36.23
-6.4362	15.53562	-36.17
-6.4362	15.13782	-36.112
-6.68508	15.53562	-36.053
-6.18732	14.739	-35.996
-6.18732	15.53562	-35.937
-6.18732	15.13782	-35.879
-6.68508	15.53562	-35.819
-6.4362	15.13782	-35.761
-6.18732	15.53562	-35.702
-5.93742	15.13782	-35.644
-6.18732	15.53562	-35.584
-6.4362	15.13782	-35.526
-6.4362	15.13782	-35.468
-6.4362	15.53562	-35.409
-6.68508	15.13782	-35.351
-6.68508	15.13782	-35.293
-6.4362	15.53562	-35.234
-6.68508	15.13782	-35.176
-6.4362	15.13782	-35.118
-6.68508	15.13782	-35.06
-6.4362	15.53562	-35
-6.4362	15.13782	-34.942
-6.93396	15.53562	-34.883
-6.4362	15.53562	-34.823
-6.68508	15.13782	-34.765
-6.93396	15.13782	-34.707
-6.68508	15.13782	-34.649
-7.18284	15.13782	-34.591
-7.18284	15.53562	-34.532
-7.18284	15.13782	-34.474
-7.18284	15.53562	-34.414
-7.43172	15.13782	-34.356
-7.18284	15.13782	-34.298
-7.18284	15.53562	-34.239
-7.18284	15.13782	-34.181
-7.18284	15.13782	-34.123
-7.43172	15.13782	-34.065
-7.43172	15.53562	-34.005
-7.43172	15.13782	-33.948
-7.6806	15.53562	-33.888
-7.6806	15.13782	-33.83
-8.17938	15.53562	-33.771
-7.9305	15.13782	-33.713
-8.17938	15.13782	-33.655
-8.42826	15.53562	-33.595
-8.17938	15.13782	-33.537
-8.17938	15.13782	-33.479
-8.42826	15.13782	-33.421
-8.42826	15.53562	-33.362
-8.42826	15.53562	-33.302
-8.42826	15.13782	-33.244
-8.67714	15.13782	-33.186
-8.67714	15.13782	-33.128
-8.42826	15.53562	-33.069
-8.92602	15.13782	-33.011
-8.67714	15.53562	-32.951
-8.92602	15.13782	-32.893
-8.92602	15.53562	-32.834
-9.1749	15.13782	-32.776
-9.42378	15.13782	-32.718
-9.1749	15.53562	-32.658
-9.67368	15.13782	-32.6
-9.67368	15.13782	-32.542
-9.42378	15.53562	-32.483
-9.42378	15.13782	-32.425
-9.67368	15.53562	-32.366
-9.42378	15.13782	-32.308
-9.42378	15.13782	-32.25
-9.42378	15.13782	-32.192
-9.42378	15.53562	-32.132
-9.1749	15.13782	-32.074
-9.1749	15.13782	-32.016
-9.1749	15.53562	-31.957
-9.67368	15.53562	-31.897
-9.42378	15.13782	-31.839
-9.42378	15.13782	-31.781
-9.42378	15.53562	-31.722
-9.67368	15.13782	-31.664
-9.92256	15.13782	-31.606
-9.92256	15.53562	-31.546
-9.92256	15.13782	-31.488
-10.42032	15.53562	-31.429
-10.17144	15.13782	-31.371
-10.42032	15.13782	-31.313
-10.42032	15.13782	-31.255
-10.42032	15.53562	-31.195
-10.91808	15.53562	-31.136
-10.6692	15.13782	-31.078
-10.6692	15.13782	-31.02
-10.42032	15.13782	-30.962
-10.6692	15.53562	-30.903
-10.91808	15.13782	-30.845
-10.91808	15.53562	-30.785
-10.6692	15.13782	-30.727
-10.91808	15.13782	-30.669
-10.91808	15.53562	-30.61
-11.16696	15.13782	-30.552
-10.91808	15.53562	-30.492
-10.91808	15.13782	-30.434
-10.91808	15.13782	-30.376
-10.91808	15.53562	-30.317
-11.41686	15.13782	-30.259
-11.16696	15.13782	-30.201
-11.41686	15.53562	-30.141
-11.16696	15.13782	-30.083
-11.41686	15.53562	-30.024
-11.16696	15.13782	-29.966
-11.16696	15.13782	-29.908
-11.41686	15.53562	-29.848
-10.91808	15.13782	-29.79
-11.16696	15.13782	-29.732
-11.16696	15.53562	-29.673
-10.91808	15.13782	-29.615
-10.91808	15.53562	-29.555
-10.91808	15.13782	-29.497
-10.91808	15.13782	-29.44
-10.91808	15.53562	-29.38
-10.91808	15.13782	-29.322
-11.16696	15.13782	-29.264
-11.16696	15.53562	-29.205
-11.16696	15.13782	-29.147
-11.41686	15.13782	-29.089
-11.16696	15.53562	-29.029
-11.41686	15.13782	-28.971
-11.16696	15.53562	-28.912
-11.41686	15.13782	-28.854
-11.41686	15.13782	-28.796
-11.16696	15.53562	-28.736
-11.41686	15.13782	-28.678
-11.16696	15.13782	-28.62
-11.41686	15.53562	-28.561
-11.41686	15.13782	-28.503
-11.16696	15.13782	-28.445
-11.16696	15.53562	-28.385
-11.16696	15.13782	-28.327
-11.41686	15.53562	-28.268
-11.66574	15.13782	-28.21
-11.66574	15.13782	-28.152
-11.66574	15.53562	-28.092
-11.66574	15.13782	-28.034
-11.66574	15.13782	-27.977
-11.66574	15.53562	-27.917
-11.91462	15.13782	-27.859
-11.91462	15.13782	-27.801
-11.91462	15.53562	-27.742
-11.66574	15.53562	-27.682
-11.41686	15.13782	-27.624
-11.66574	15.13782	-27.566
-11.41686	15.13782	-27.508
-11.66574	15.13782	-27.45
-11.66574	15.53562	-27.391
-11.66574	15.53562	-27.331
-11.66574	15.13782	-27.273
-11.66574	15.53562	-27.214
-11.66574	15.13782	-27.156
-11.91462	15.13782	-27.098
-11.66574	15.13782	-27.04
-11.66574	15.53562	-26.98
-11.66574	15.13782	-26.922
-11.91462	15.53562	-26.863
-11.91462	15.13782	-26.805
-11.41686	15.13782	-26.747
-11.66574	15.53562	-26.687
-11.41686	15.13782	-26.629
-11.41686	15.13782	-26.571
-11.16696	15.13782	-26.514
-11.41686	15.53562	-26.454
-11.41686	15.13782	-26.396
-11.41686	15.53562	-26.337
-11.16696	15.53562	-26.277
-11.16696	15.13782	-26.219
-10.91808	15.13782	-26.161
-11.16696	15.13782	-26.103
-11.16696	15.13782	-26.045
-10.91808	15.53562	-25.986
-10.91808	15.13782	-25.928
-10.91808	15.53562	-25.868
-11.16696	15.13782	-25.81
-10.91808	15.53562	-25.751
-10.6692	15.13782	-25.693
-10.6692	15.13782	-25.635
-10.91808	15.13782	-25.577
-10.91808	15.53562	-25.517
-11.41686	15.53562	-25.458
-10.91808	15.13782	-25.4
-11.16696	15.53562	-25.34
-11.41686	15.13782	-25.282
-11.16696	15.13782	-25.224
-11.41686	15.53562	-25.165
-11.41686	15.13782	-25.107
-11.16696	15.13782	-25.049
-11.66574	15.53562	-24.989
-11.41686	15.13782	-24.932
-11.41686	15.53562	-24.872
-11.66574	15.13782	-24.814
-11.41686	15.13782	-24.756
-11.66574	15.13782	-24.698
-11.66574	15.13782	-24.64
-11.66574	15.53562	-24.581
-11.66574	15.53562	-24.521
-11.66574	15.13782	-24.463
-11.91462	15.13782	-24.405
-11.91462	15.53562	-24.346
-11.91462	15.13782	-24.288
-12.1635	15.53562	-24.228
-12.1635	15.13782	-24.17
-11.91462	15.13782	-24.112
-12.1635	15.53562	-24.053
-12.41238	14.739	-23.996
-11.91462	15.53562	-23.937
-12.1635	15.53562	-23.877
-12.1635	15.13782	-23.819
-12.41238	15.53562	-23.76
-12.1635	15.13782	-23.702
-12.1635	15.13782	-23.644
-12.1635	15.53562	-23.584
-11.91462	15.13782	-23.526
-12.1635	15.13782	-23.468
-11.91462	15.53562	-23.409
-11.91462	15.13782	-23.351
-11.91462	15.53562	-23.292
-11.91462	15.13782	-23.234
-11.91462	15.13782	-23.176
-12.1635	15.53562	-23.116
-12.1635	15.13782	-23.058
-12.1635	15.13782	-23
-12.1635	15.53562	-22.941
-12.1635	15.13782	-22.883
-11.91462	15.13782	-22.825
-12.1635	15.53562	-22.765
-12.41238	15.13782	-22.707
-12.1635	15.53562	-22.648
-12.1635	15.13782	-22.59
-12.41238	15.13782	-22.532
-12.41238	15.53562	-22.472
-12.1635	15.13782	-22.414
-12.41238	15.13782	-22.356
-12.41238	15.53562	-22.297
-12.66126	15.13782	-22.239
-12.41238	15.13782	-22.181
-12.66126	15.53562	-22.121
-12.1635	15.13782	-22.063
-12.1635	15.13782	-22.005
-12.1635	15.13782	-21.948
-12.41238	15.53562	-21.888
-12.41238	15.13782	-21.83
-12.41238	15.53562	-21.771
-12.66126	15.13782	-21.713
-12.66126	15.53562	-21.653
-12.41238	15.13782	-21.595
-12.66126	15.53562	-21.536
-12.66126	15.13782	-21.478
-12.1635	15.13782	-21.42
-12.1635	15.13782	-21.362
-12.1635	15.53562	-21.302
-12.41238	15.13782	-21.244
-12.41238	15.13782	-21.186
-12.41238	15.53562	-21.127
-12.41238	15.53562	-21.067
-12.41238	14.739	-21.011
-12.1635	15.53562	-20.951
-12.41238	15.13782	-20.893
-12.1635	15.53562	-20.834
-11.91462	15.53562	-20.774
-11.91462	15.13782	-20.716
-11.91462	15.53562	-20.657
-11.66574	15.13782	-20.599
-11.66574	15.13782	-20.541
-11.91462	15.13782	-20.483
-11.41686	15.53562	-20.423
-11.41686	15.13782	-20.366
-11.66574	15.13782	-20.308
-11.66574	15.53562	-20.248
-11.41686	15.53562	-20.189
-11.41686	15.13782	-20.131
-11.41686	15.13782	-20.073
-11.16696	15.13782	-20.015
-11.41686	15.13782	-19.957
-11.16696	15.53562	-19.897
-10.91808	15.53562	-19.838
-10.91808	15.13782	-19.78
-10.91808	15.53562	-19.72
-10.91808	15.13782	-19.662
-10.91808	15.13782	-19.604
-10.91808	15.13782	-19.546
-10.91808	15.53562	-19.487
-10.91808	15.13782	-19.429
-10.91808	15.53562	-19.369
-10.91808	15.13782	-19.311
-10.91808	15.13782	-19.253
-10.91808	15.53562	-19.194
-10.91808	14.739	-19.137
-10.91808	15.53562	-19.078
-11.16696	15.53562	-19.018
-11.41686	15.13782	-18.96
-11.41686	15.53562	-18.901
-11.16696	15.13782	-18.843
-11.66574	15.13782	-18.785
-11.41686	15.53562	-18.726
-11.66574	15.13782	-18.668
-11.66574	15.53562	-18.608
-11.41686	15.13782	-18.55
-11.66574	15.13782	-18.492
-11.66574	15.13782	-18.434
-11.66574	15.13782	-18.376
-12.1635	15.53562	-18.317
-11.91462	15.53562	-18.257
-11.91462	15.13782	-18.199
-11.91462	15.53562	-18.14
-11.91462	15.13782	-18.082
-11.91462	15.13782	-18.024
-12.1635	15.13782	-17.966
-11.91462	15.53562	-17.906
-12.1635	15.53562	-17.847
-12.1635	15.13782	-17.789
-12.41238	15.13782	-17.731
-12.1635	15.13782	-17.673
-12.1635	15.53562	-17.613
-12.1635	15.13782	-17.555
-11.91462	15.53562	-17.496
-11.91462	15.13782	-17.438
-11.66574	15.53562	-17.378
-11.66574	15.13782	-17.321
-11.41686	15.13782	-17.263
-11.41686	15.13782	-17.205
-11.41686	15.53562	-17.145
-11.41686	15.13782	-17.087
-11.66574	15.53562	-17.028
-11.41686	15.13782	-16.97
-11.66574	15.53562	-16.91
-11.41686	15.13782	-16.852
-11.41686	15.13782	-16.794
-11.66574	15.13782	-16.736
-11.66574	15.53562	-16.677
-11.66574	15.13782	-16.619
-11.41686	15.53562	-16.559
-11.66574	15.13782	-16.501
-11.41686	15.13782	-16.443
-11.66574	15.53562	-16.384
-11.41686	15.13782	-16.326
-11.41686	15.13782	-16.268
-11.16696	15.13782	-16.21
-11.41686	15.53562	-16.15
-11.66574	15.53562	-16.091
-11.41686	15.13782	-16.033
-11.66574	15.13782	-15.975
-11.66574	15.53562	-15.915
-11.66574	15.13782	-15.858
-11.41686	15.13782	-15.8
-11.16696	15.53562	-15.74
-11.41686	15.13782	-15.682
-11.16696	15.13782	-15.624
-11.16696	15.53562	-15.565
-11.41686	15.13782	-15.507
-10.91808	15.53562	-15.447
-10.91808	14.739	-15.391
-11.16696	15.53562	-15.331
-10.91808	15.13782	-15.273
-10.91808	15.53562	-15.214
-11.16696	15.53562	-15.154
-10.91808	15.13782	-15.096
-11.16696	15.53562	-15.037
-11.16696	15.13782	-14.979
-11.16696	15.13782	-14.921
-10.6692	15.13782	-14.863
-10.6692	15.53562	-14.803
-10.6692	15.13782	-14.745
-10.91808	15.53562	-14.686
-10.6692	15.13782	-14.628
-10.42032	15.13782	-14.57
-10.17144	15.53562	-14.51
-10.17144	15.13782	-14.452
-10.17144	15.13782	-14.395
-10.17144	15.53562	-14.335
-10.17144	15.13782	-14.277
-10.17144	15.53562	-14.218
-10.17144	15.13782	-14.16
-9.92256	15.13782	-14.102
-10.17144	15.53562	-14.042
-9.92256	15.13782	-13.984
-9.92256	15.53562	-13.925
-9.92256	15.13782	-13.867
-9.92256	15.13782	-13.809
-9.67368	15.53562	-13.749
-9.92256	15.13782	-13.691
-9.92256	15.13782	-13.633
-9.67368	15.53562	-13.574
-9.67368	15.13782	-13.516
-9.67368	15.53562	-13.456
-9.92256	15.13782	-13.398
-10.17144	15.13782	-13.34
-10.17144	15.53562	-13.281
-10.17144	15.13782	-13.223
-10.17144	15.53562	-13.163
-10.42032	15.13782	-13.105
-10.6692	15.13782	-13.047
-10.6692	15.53562	-12.988
-10.6692	15.13782	-12.93
-10.6692	15.53562	-12.87
-10.6692	15.13782	-12.813
-10.91808	15.13782	-12.755
-10.91808	15.13782	-12.697
-10.6692	15.53562	-12.637
-10.42032	15.13782	-12.579
-10.6692	15.53562	-12.52
-10.6692	15.13782	-12.462
-10.91808	15.13782	-12.404
-10.91808	15.53562	-12.344
-10.91808	15.13782	-12.286
-11.41686	15.53562	-12.227
-11.16696	15.13782	-12.169
-11.41686	15.13782	-12.111
-11.41686	15.53562	-12.051
-11.66574	15.13782	-11.993
-11.66574	15.13782	-11.935
-11.41686	15.53562	-11.876
-11.41686	15.13782	-11.818
-10.91808	15.13782	-11.76
-11.41686	15.53562	-11.7
-11.16696	15.13782	-11.642
-11.16696	15.53562	-11.583
-11.16696	15.13782	-11.525
-11.16696	15.13782	-11.467
-10.91808	15.53562	-11.407
-10.6692	15.13782	-11.35
-10.91808	15.53562	-11.29
-10.91808	15.13782	-11.232
-10.91808	15.13782	-11.174
-10.91808	15.53562	-11.115
-11.16696	15.13782	-11.057
-10.91808	15.13782	-10.999
-10.91808	15.53562	-10.939
-10.91808	15.13782	-10.881
-10.91808	15.13782	-10.823
-10.91808	15.53562	-10.764
-10.91808	15.13782	-10.706
-11.16696	15.13782	-10.648
-11.16696	15.13782	-10.59
-11.16696	15.53562	-10.53
-10.91808	15.53562	-10.471
-10.91808	15.13782	-10.413
-10.6692	15.13782	-10.355
-10.91808	15.53562	-10.295
-10.6692	15.13782	-10.237
-10.6692	15.53562	-10.178
-10.6692	15.13782	-10.12
-10.6692	15.13782	-10.062
-11.16696	15.13782	-10.004
-11.41686	15.13782	-9.946
-11.16696	15.53562	-9.886
-11.41686	15.53562	-9.827
-11.41686	15.13782	-9.769
-11.16696	15.13782	-9.711
-11.41686	15.13782	-9.653
-11.16696	15.53562	-9.594
-11.16696	15.53562	-9.534
-11.16696	15.13782	-9.476
-11.41686	15.13782	-9.418
-11.41686	15.53562	-9.359
-11.41686	15.13782	-9.301
-11.16696	15.13782	-9.243
-11.41686	15.53562	-9.183
-11.16696	15.13782	-9.125
-10.91808	15.13782	-9.067
-11.16696	15.13782	-9.009
-10.91808	15.53562	-8.95
-10.6692	15.53562	-8.89
-10.91808	15.13782	-8.832
-10.91808	15.53562	-8.773
-10.42032	15.13782	-8.715
-10.42032	15.13782	-8.657
-10.42032	15.53562	-8.597
-10.42032	15.13782	-8.539
-10.42032	15.53562	-8.48
-10.42032	15.13782	-8.422
-10.42032	15.13782	-8.364
-10.6692	15.53562	-8.305
-10.42032	15.13782	-8.247
-10.42032	15.13782	-8.189
-10.42032	15.53562	-8.129
-10.42032	15.13782	-8.071
-10.17144	15.13782	-8.013
-10.42032	15.53562	-7.954
-10.42032	15.13782	-7.896
-10.17144	15.13782	-7.838
-10.42032	15.53562	-7.778
-9.92256	15.13782	-7.72
-9.92256	15.53562	-7.661
-10.17144	15.13782	-7.603
-9.67368	15.13782	-7.545
-9.1749	15.53562	-7.485
-9.1749	15.13782	-7.427
-8.67714	15.53562	-7.368
-8.17938	15.13782	-7.31
-7.9305	15.13782	-7.252
-7.9305	14.34018	-7.197
-8.17938	13.14576	-7.147
-7.6806	11.95032	-7.101
-7.43172	10.35708	-7.061
-7.43172	8.76384	-7.028
-7.43172	7.96722	-6.997
-7.43172	7.5684	-6.968
-7.6806	7.1706	-6.941
-8.17938	6.77178	-6.915
-8.17938	5.97516	-6.892
-8.17938	4.77972	-6.874
-8.17938	3.9831	-6.858
-8.17938	3.5853	-6.845
-8.67714	3.9831	-6.829
-8.42826	3.5853	-6.816
-8.67714	3.5853	-6.802
-9.1749	2.78868	-6.791
-8.92602	2.38986	-6.782
-9.1749	1.59324	-6.776
-9.1749	1.99206	-6.768
-9.1749	1.59324	-6.762
-9.67368	1.99206	-6.755
-9.67368	1.99206	-6.747
-9.42378	1.19544	-6.742
-8.92602	1.19544	-6.738
-9.1749	0.39882	-6.736
-8.92602	0.79662	-6.733
-8.92602	0.79662	-6.73
-9.1749	1.19544	-6.726
-8.92602	1.19544	-6.721
-8.67714	0.79662	-6.718
-8.92602	-0.39882	-6.719
-8.67714	-0.39882	-6.721
-8.67714	0	-6.721
-8.67714	0	-6.721
-8.42826	0	-6.721
-8.67714	0	-6.721
-8.67714	0	-6.721
-8.42826	0	-6.721
-8.67714	0	-6.721
-8.42826	0	-6.721
-8.42826	0	-6.721
-8.67714	0	-6.721
-8.17938	0	-6.721
-8.42826	0	-6.721
-8.92602	0	-6.721
-8.92602	0	-6.721
-9.67368	0	-6.721
-9.92256	0	-6.721
-10.17144	0	-6.721
-10.91808	0	-6.721
-10.91808	0	-6.721
-11.41686	0	-6.721
-11.91462	0	-6.721
-11.41686	0	-6.721
-11.91462	0	-6.721
-11.66574	0	-6.721
-11.66574	0	-6.721
-12.1635	0	-6.721
-12.1635	0	-6.721
-12.41238	0	-6.721
-13.40892	0	-6.721
-13.90668	0	-6.721
-14.90322	0	-6.721
-16.6464	0	-6.721
-17.8908	0	-6.721
-19.88286	0	-6.721
-21.87492	0	-6.721
-24.11688	0	-6.721
-26.6067	0	-6.721
-29.84418	0	-6.721
-32.83278	0	-6.721
-35.57148	0	-6.721
-39.05784	0	-6.721
-41.54868	0	-6.721
-44.28738	0	-6.721
-46.52832	-0.39882	-6.723
-48.2715	0	-6.723
-50.51346	0	-6.723
-52.00674	0	-6.723
-53.74992	0	-6.723
-55.4931	-0.39882	-6.724
-56.73852	0	-6.724
-58.73058	0	-6.724
-59.976	0	-6.724
-61.71918	0	-6.724
-63.21348	0	-6.724
-64.70778	0	-6.724
-66.45096	0	-6.724
-67.44648	0	-6.724
-68.44302	0	-6.724
-68.94078	-0.39882	-6.726
-70.1862	0	-6.726
-70.1862	0	-6.726
-70.1862	-0.39882	-6.727
-69.93732	-1.99206	-6.735
-68.94078	-6.37398	-6.759
-67.69536	-11.1537	-6.802
-66.20208	-15.93444	-6.863
-64.209	-20.71416	-6.942
-63.46236	-24.69828	-7.037
-62.21694	-30.27462	-7.153
-61.22142	-35.85198	-7.29
-60.47376	-43.02156	-7.455
-59.47824	-49.79436	-7.645
-58.97946	-57.36276	-7.865
-59.47824	-64.53336	-8.112
-59.47824	-71.70294	-8.387
-59.976	-79.27236	-8.69
-60.72264	-86.84076	-9.023
-60.97254	-96.00342	-9.391
-61.71918	-102.37638	-9.783
-62.21694	-111.93684	-10.211
-62.21694	-120.70068	-10.674
-61.96806	-128.6679	-11.166
-62.21694	-139.4238	-11.7
-61.22142	-144.20352	-12.253
-60.22488	-155.75604	-12.849
-58.97946	-162.92664	-13.473
-57.73506	-172.8849	-14.135
-57.23628	-181.64874	-14.831
-56.9874	-191.2092	-15.563
-56.73852	-199.97304	-16.329
-57.23628	-209.13468	-17.13
-57.48618	-217.89852	-17.964
-58.4817	-227.45898	-18.835
-59.72712	-236.22282	-19.74
-61.71918	-242.9946	-20.671
-63.71124	-249.36858	-21.626
-64.95666	-254.14932	-22.599
-65.7033	-259.32786	-23.592
-66.94872	-263.70978	-24.602
-68.44302	-268.09068	-25.629
-68.94078	-271.67598	-26.669
-68.94078	-274.86348	-27.722
-68.19414	-278.04996	-28.787
-67.44648	-280.83864	-29.862
-66.94872	-283.2285	-30.947
-66.94872	-285.22056	-32.039
-66.45096	-286.41498	-33.136
-65.20554	-288.80586	-34.242
-64.209	-290.00028	-35.353
-63.46236	-292.39116	-36.472
-63.71124	-294.3822	-37.6
-63.46236	-295.57764	-38.732
-63.21348	-295.57764	-39.864
-63.21348	-295.97544	-40.997
-63.46236	-297.5697	-42.137
-64.209	-297.9675	-43.278
-64.4589	-299.16294	-44.423
-64.209	-299.95956	-45.572
-63.21348	-300.35736	-46.723
-62.71572	-301.5528	-47.877
-62.46582	-301.5528	-49.032
-62.21694	-301.5528	-50.187
-61.71918	-301.95162	-51.343
-60.47376	-302.34942	-52.501
-59.976	-302.34942	-53.659
-60.72264	-303.54486	-54.822
-60.97254	-303.94266	-55.986
-61.22142	-303.54486	-57.148
-61.4703	-303.14604	-58.309
-61.96806	-302.74824	-59.468
-62.71572	-300.75618	-60.62
-64.209	-298.36632	-61.763
-64.95666	-296.37426	-62.898
-65.7033	-294.3822	-64.025
-65.95218	-291.59352	-65.142
-66.45096	-288.80586	-66.248
-66.94872	-285.22056	-67.34
-67.1976	-281.23644	-68.417
-67.1976	-276.85452	-69.478
-66.94872	-273.66804	-70.526
-66.45096	-270.08274	-71.56
-65.45442	-265.70082	-72.578
-65.20554	-261.3189	-73.578
-64.4589	-255.74256	-74.558
-64.4589	-250.56402	-75.517
-63.46236	-246.1821	-76.46
-62.9646	-241.80018	-77.386
-62.21694	-237.81606	-78.297
-61.96806	-232.23972	-79.186
-61.71918	-226.26456	-80.053
-61.4703	-221.08602	-80.899
-61.22142	-215.50866	-81.725
-61.71918	-210.72792	-82.532
-60.97254	-205.9482	-83.321
-60.47376	-200.76966	-84.089
-60.47376	-195.1923	-84.837
-60.22488	-189.61596	-85.563
-59.47824	-184.0386	-86.268
-58.97946	-177.66564	-86.948
-58.23282	-172.8849	-87.61
-57.73506	-167.70636	-88.253
-57.23628	-162.129	-88.874
-56.24076	-156.95046	-89.475
-55.99188	-150.5775	-90.051
-55.4931	-145.00014	-90.607
-54.99534	-139.02498	-91.139
-55.24422	-133.84644	-91.652
-55.24422	-127.87128	-92.141
-55.24422	-122.69274	-92.611
-55.743	-117.5142	-93.061
-55.99188	-111.53904	-93.488
-55.743	-105.56388	-93.893
-54.99534	-99.5877	-94.274
-54.99534	-94.01136	-94.634
-54.2487	-88.83282	-94.974
-52.7544	-83.65428	-95.295
-51.75786	-77.2803	-95.591
-50.76234	-71.30514	-95.864
-49.26804	-65.32998	-96.114
-48.5214	-59.75262	-96.343
-47.0271	-54.57408	-96.552
-45.5328	-50.98878	-96.747
-44.28738	-47.00568	-96.927
-43.29186	-43.02156	-97.092
-42.04644	-37.44522	-97.235
-41.0499	-33.0633	-97.362
-39.8055	-29.478	-97.475
-38.56008	-27.08814	-97.578
-37.31466	-25.09608	-97.674
-36.06924	-23.10402	-97.763
-35.07372	-20.31636	-97.841
-33.57942	-18.3243	-97.911
-32.08512	-16.33224	-97.973
-30.84072	-14.34018	-98.028
-29.34642	-13.14576	-98.079
-27.85212	-12.34914	-98.126
-26.10894	-11.1537	-98.169
-24.61464	-9.95928	-98.207
-23.36922	-8.76384	-98.24
-21.62604	-7.96722	-98.271
-20.8794	-6.77178	-98.297
-19.3851	-6.37398	-98.321
-18.13968	-5.97516	-98.344
-16.3965	-5.57736	-98.366
-15.64986	-4.77972	-98.384
-14.65332	-4.38192	-98.401
-13.16004	-3.5853	-98.414
-10.6692	-2.78868	-98.425
-7.6806	-3.18648	-98.437
-4.19526	-3.5853	-98.451
0.03876	-2.78868	-98.462
4.52064	0.39882	-98.46
9.00354	1.99206	-98.452
14.73084	2.38986	-98.443
19.96038	0.39882	-98.442
25.68768	-0.39882	-98.443
31.416	-1.19544	-98.448
37.1433	0	-98.448
42.12396	0.39882	-98.446
47.60238	0.79662	-98.443
52.08426	0.39882	-98.442
56.0694	0	-98.442
59.30586	0	-98.442
61.54782	0	-98.442
63.291	0.39882	-98.44
64.78428	0	-98.44
66.27858	0	-98.44
67.27512	0.39882	-98.439
69.0183	1.59324	-98.433
70.01382	3.9831	-98.417
71.01036	8.36502	-98.385
71.757	13.14576	-98.335
72.25578	18.3243	-98.265
72.25578	23.10402	-98.176
72.50466	27.08814	-98.073
73.00242	33.0633	-97.946
72.75354	39.83508	-97.793
72.75354	46.60686	-97.615
72.50466	53.77746	-97.409
72.25578	60.94806	-97.176
71.757	68.11866	-96.915
71.50812	75.68706	-96.625
71.01036	82.45884	-96.309
71.01036	91.22268	-95.96
70.76148	99.5877	-95.578
70.01382	107.55492	-95.166
69.26718	116.31876	-94.721
68.76942	124.28598	-94.245
68.27064	133.04982	-93.735
67.77288	141.41484	-93.194
68.02176	150.5775	-92.617
68.76942	159.34134	-92.007
69.26718	168.50298	-91.362
69.76494	177.26682	-90.683
70.26372	186.82728	-89.967
71.757	195.59112	-89.218
73.2513	204.75276	-88.434
75.24336	213.5166	-87.616
77.98308	223.07706	-86.762
80.4729	231.8409	-85.874
81.9672	239.80812	-84.956
83.95926	246.1821	-84.013
84.9558	252.15726	-83.047
86.94786	256.53918	-82.065
88.44216	261.3189	-81.064
90.18534	265.70082	-80.047
91.42974	269.68494	-79.014
92.1774	273.27024	-77.967
93.17292	276.85452	-76.907
93.92058	279.2454	-75.838
94.41834	282.03306	-74.758
94.66722	284.02512	-73.67
95.41488	285.61836	-72.576
95.166	288.00924	-71.473
96.16152	290.3991	-70.361
96.16152	291.59352	-69.244
95.91264	293.58558	-68.12
96.16152	294.3822	-66.993
95.91264	294.3822	-65.865
95.66376	295.97544	-64.732
95.66376	296.77206	-63.595
95.166	298.36632	-62.452
94.41834	299.16294	-61.307
94.16946	301.5528	-60.152
94.16946	297.5697	-59.012
94.41834	300.75618	-57.861
93.6717	300.75618	-56.709
92.67516	302.34942	-55.551
92.42628	301.95162	-54.395
92.1774	302.34942	-53.237
92.1774	302.34942	-52.079
92.42628	302.74824	-50.919
91.92852	303.14604	-49.758
91.92852	303.94266	-48.594
91.42974	303.54486	-47.432
91.18086	303.54486	-46.269
90.6831	301.5528	-45.115
90.18534	299.95956	-43.966
89.93646	296.77206	-42.829
90.18534	294.78102	-41.7
89.68758	293.18778	-40.578
89.1888	290.3991	-39.465
89.1888	287.2116	-38.366
87.44562	283.62732	-37.279
87.44562	279.2454	-36.21
86.69898	275.26128	-35.156
85.70244	271.27818	-34.117
85.20468	267.29406	-33.093
84.70692	263.31096	-32.085
83.21262	258.13242	-31.096
81.9672	253.7505	-30.124
80.72178	249.36858	-29.169
79.47738	244.19004	-28.234
77.7342	239.4093	-27.317
76.2399	234.23076	-26.42
74.99448	229.05222	-25.543
73.00242	223.87368	-24.686
70.76148	218.69514	-23.848
68.27064	213.1188	-23.032
66.27858	208.33806	-22.234
63.53988	203.15952	-21.456
61.04904	197.58318	-20.7
58.8081	192.00582	-19.964
56.56716	186.82728	-19.249
54.07632	181.24992	-18.555
51.5865	175.27476	-17.883
48.84678	170.89284	-17.229
45.8592	163.72326	-16.602
42.62172	159.34134	-15.992
39.38424	153.36618	-15.404
35.89788	147.78882	-14.838
32.90928	142.21146	-14.294
29.9217	136.2363	-13.772
26.9331	131.05776	-13.27
23.69562	125.87922	-12.788
20.45814	119.50524	-12.33
17.22168	113.9289	-11.894
13.73532	108.75036	-11.478
10.9956	101.97858	-11.087
8.007	97.19784	-10.715
4.77054	90.82386	-10.367
2.2797	85.64532	-10.039
-0.459	80.46678	-9.731
-2.45208	74.09382	-9.447
-3.94536	68.51646	-9.185
-5.43966	62.5413	-8.945
-7.6806	57.36276	-8.726
-10.17144	52.18422	-8.526
-12.91014	48.99774	-8.338
-15.89874	45.41244	-8.164
-19.88286	40.6317	-8.009
-23.868	35.05536	-7.874
-28.59876	31.07124	-7.755
-33.8283	27.88476	-7.649
-39.8055	25.4949	-7.551
-45.5328	23.50284	-7.461
-52.25664	21.9096	-7.377
-58.4817	19.51974	-7.302
-64.4589	17.52768	-7.235
-69.68742	14.739	-7.179
-74.17032	12.74694	-7.13
-78.15444	12.34914	-7.083
-80.89416	11.55252	-7.038
-82.88622	10.35708	-6.999
-83.88276	9.56046	-6.962
-84.13164	8.36502	-6.93
-83.88276	7.1706	-6.903
-83.38398	6.77178	-6.877
-82.88622	5.97516	-6.854
-82.63734	5.97516	-6.831
-82.63734	5.17854	-6.811
-82.38846	5.17854	-6.791
-82.88622	3.9831	-6.776
-84.6294	3.5853	-6.762
-86.62146	3.5853	-6.748
-89.11128	2.78868	-6.738
-91.35324	2.78868	-6.727
-94.09194	1.19544	-6.723
-97.5783	-1.59324	-6.729
-101.06466	-1.59324	-6.735
-104.05326	-0.39882	-6.736
-107.29074	0	-6.736
-109.53168	0.39882	-6.735
-111.77262	0	-6.735
-113.76468	0	-6.735
-114.26346	-0.39882	-6.736
-114.01458	0	-6.736
-112.52028	0	-6.736
-110.52822	0	-6.736
-108.53514	0	-6.736
-106.2942	0	-6.736
-103.5555	-1.19544	-6.741
-101.06466	-3.9831	-6.756
-98.32596	-7.5684	-6.785
-95.33736	-13.14576	-6.835
-93.59418	-17.92548	-6.904
-91.60212	-22.70622	-6.991
-91.10436	-27.88476	-7.098
-90.60558	-33.0633	-7.224
-90.10782	-39.43728	-7.375
-90.10782	-45.81024	-7.551
-90.10782	-53.37966	-7.755
-90.3567	-61.34586	-7.99
-90.10782	-68.11866	-8.251
-90.10782	-75.28824	-8.539
-89.11128	-83.25546	-8.858
-88.8624	-91.22268	-9.208
-87.86688	-99.1899	-9.587
-87.3681	-107.95374	-10.001
-85.62492	-115.92096	-10.445
-83.88276	-124.6848	-10.922
-82.88622	-133.04982	-11.432
-80.89416	-141.41484	-11.973
-78.40332	-150.5775	-12.55
-76.41126	-159.34134	-13.16
-74.4192	-167.70636	-13.803
-72.9249	-177.26682	-14.481
-71.4306	-186.03066	-15.194
-71.4306	-195.59112	-15.943
-70.68396	-204.75276	-16.727
-70.1862	-213.91542	-17.546
-70.43508	-223.07706	-18.401
-71.18172	-231.8409	-19.288
-72.17826	-239.4093	-20.205
-73.67256	-246.1821	-21.148
-74.66808	-251.75844	-22.112
-74.91696	-256.53918	-23.095
-75.66462	-261.71772	-24.097
-76.91004	-266.09964	-25.116
-77.65668	-270.08274	-26.15
-77.90556	-272.87142	-27.195
-77.65668	-276.45672	-28.254
-75.9135	-279.2454	-29.324
-75.66462	-282.43188	-30.405
-75.16686	-284.82174	-31.496
-74.17032	-286.01718	-32.591
-72.17826	-287.61042	-33.693
-70.68396	-289.20366	-34.8
-68.6919	-291.59352	-35.917
-68.19414	-293.18778	-37.04
-67.44648	-293.9844	-38.166
-66.20208	-295.17882	-39.296
-64.70778	-295.97544	-40.43
-63.46236	-296.77206	-41.566
-63.21348	-298.36632	-42.709
-63.21348	-298.76412	-43.853
-62.71572	-299.56074	-45
-61.96806	-299.95956	-46.149
-61.4703	-300.35736	-47.299
-60.97254	-301.15398	-48.452
-61.4703	-301.5528	-49.607
-61.4703	-302.34942	-50.765
-60.97254	-302.34942	-51.923
-60.72264	-302.34942	-53.081
-60.97254	-303.14604	-54.242
-61.71918	-303.14604	-55.403
-62.71572	-303.54486	-56.565
-62.46582	-303.54486	-57.728
-62.21694	-303.54486	-58.89
-62.21694	-302.34942	-60.048
-62.71572	-299.95956	-61.197
-63.46236	-297.5697	-62.337
-63.46236	-294.3822	-63.464
-63.21348	-292.39116	-64.584
-62.46582	-290.00028	-65.694
-61.96806	-287.61042	-66.796
-62.46582	-283.62732	-67.882
-62.71572	-282.03306	-68.962
-61.96806	-272.4726	-70.005
-61.4703	-271.27818	-71.044
-61.22142	-267.29406	-72.068
-60.72264	-263.31096	-73.076
-60.22488	-259.32786	-74.07
-60.72264	-253.35168	-75.04
-60.22488	-248.57196	-75.992
-59.47824	-243.79122	-76.925
-58.97946	-239.80812	-77.844
-58.73058	-234.62958	-78.742
-58.4817	-229.45104	-79.621
-57.48618	-223.87368	-80.478
-56.73852	-218.69514	-81.316
-56.48964	-213.1188	-82.132
-56.24076	-207.94026	-82.928
-55.4931	-203.55834	-83.708
-54.99534	-197.98098	-84.466
-54.49758	-192.40464	-85.203
-53.99982	-186.82728	-85.919
-53.74992	-180.85212	-86.611
-52.7544	-174.87696	-87.281
-51.75786	-170.09622	-87.932
-51.2601	-165.3165	-88.565
-51.2601	-159.34134	-89.176
-50.51346	-153.76398	-89.764
-49.7658	-148.18662	-90.332
-49.01916	-141.81366	-90.875
-48.02262	-136.2363	-91.397
-47.77374	-130.65996	-91.897
-46.77822	-125.87922	-92.379
-46.03056	-120.30288	-92.84
-45.5328	-113.9289	-93.276
-45.03504	-108.35154	-93.691
-43.78962	-102.7752	-94.085
-43.29186	-96.80004	-94.456
-42.29532	-91.6215	-94.806
-40.80102	-85.64532	-95.134
-39.30672	-80.46678	-95.443
-38.56008	-74.49162	-95.728
-37.56354	-68.11866	-95.989
-36.56802	-62.5413	-96.228
-35.3226	-57.36276	-96.448
-34.57596	-52.18422	-96.648
-33.8283	-48.99774	-96.835
-33.33054	-45.41244	-97.009
-32.5839	-40.6317	-97.165
-32.08512	-35.05536	-97.299
-31.33848	-31.07124	-97.418
-31.0896	-27.88476	-97.525
-31.0896	-26.29152	-97.626
-30.34194	-23.90064	-97.717
-29.84418	-21.9096	-97.801
-29.34642	-19.51974	-97.876
-28.59876	-17.12886	-97.941
-27.60324	-15.53562	-98.001
-26.85558	-13.54356	-98.053
-25.86006	-12.74694	-98.102
-24.11688	-11.95032	-98.147
-22.87146	-10.35708	-98.187
-21.87492	-9.56046	-98.224
-20.38164	-8.36502	-98.256
-19.3851	-7.1706	-98.283
-17.8908	-6.77178	-98.309
-16.89528	-5.97516	-98.332
-15.1521	-5.97516	-98.355
-14.15556	-5.17854	-98.375
-13.6578	-4.77972	-98.393
-12.66126	-3.9831	-98.408
-11.16696	-2.78868	-98.419
-9.67368	-3.18648	-98.431
-7.18284	-3.18648	-98.443
-5.43966	-3.18648	-98.456
-3.19872	-1.19544	-98.46
-0.7089	0.79662	-98.457
1.53306	1.99206	-98.449
4.52064	1.59324	-98.443
7.50924	0	-98.443
11.24448	-0.79662	-98.446
14.48196	-0.79662	-98.449
18.71496	0	-98.449
22.94898	0.79662	-98.446
27.43086	0.39882	-98.445
32.41152	0	-98.445
37.64106	0	-98.445
41.62518	0	-98.445
45.61032	0	-98.445
49.09668	0	-98.445
52.33314	0.39882	-98.443
54.82398	0	-98.443
58.31034	0.79662	-98.44
61.54782	1.19544	-98.436
64.28652	4.38192	-98.419
67.27512	8.76384	-98.385
69.76494	13.14576	-98.335
71.757	16.33224	-98.272
73.00242	19.12092	-98.199
73.75008	20.31636	-98.121
74.99448	21.11298	-98.041
75.74214	23.10402	-97.952
75.99102	27.08814	-97.848
75.99102	33.0633	-97.722
75.49224	38.64066	-97.574
74.99448	44.217	-97.404
74.24784	48.99774	-97.217
73.00242	54.17628	-97.009
72.50466	61.34586	-96.774
72.0069	68.11866	-96.514
71.01036	76.08486	-96.222
70.5126	83.25546	-95.903
69.76494	90.02724	-95.559
69.76494	97.99446	-95.183
68.52054	105.56388	-94.779
68.02176	113.9289	-94.343
68.27064	122.29392	-93.874
68.27064	131.05776	-93.372
68.27064	140.61822	-92.834
69.0183	145.79676	-92.276
69.76494	156.15384	-91.677
70.26372	165.3165	-91.044
70.01382	174.47814	-90.376
70.76148	183.24198	-89.674
71.25924	192.00582	-88.939
72.0069	200.37084	-88.172
74.24784	209.9313	-87.368
76.48878	219.09396	-86.529
77.98308	228.2556	-85.655
79.47738	236.22282	-84.75
80.97168	243.79122	-83.816
82.21608	249.7674	-82.86
84.45804	254.94594	-81.883
86.20122	258.92904	-80.892
87.6945	264.10758	-79.88
89.43768	267.69288	-78.855
90.43422	272.0748	-77.813
91.18086	275.26128	-76.759
92.42628	278.44878	-75.693
92.92404	280.83864	-74.617
93.17292	283.2285	-73.533
93.6717	284.82174	-72.442
93.42282	287.2116	-71.342
93.6717	290.00028	-70.231
93.6717	290.7969	-69.118
92.92404	292.78896	-67.996
92.92404	293.18778	-66.874
92.42628	293.9844	-65.748
92.42628	296.37426	-64.613
92.1774	296.37426	-63.478
90.93198	298.36632	-62.335
90.93198	299.16294	-61.189
90.18534	298.36632	-60.047
90.18534	299.16294	-58.901
90.6831	299.56074	-57.754
90.18534	301.15398	-56.6
89.43768	301.95162	-55.444
88.93992	302.74824	-54.285
88.93992	302.34942	-53.127
89.1888	302.34942	-51.969
89.43768	302.34942	-50.811
89.43768	302.74824	-49.652
90.18534	303.14604	-48.491
89.43768	303.94266	-47.327
90.18534	303.14604	-46.166
90.43422	302.34942	-45.008
90.18534	299.56074	-43.861
90.6831	296.77206	-42.724
90.93198	293.58558	-41.6
90.6831	291.59352	-40.483
90.43422	289.60248	-39.374
90.18534	286.01718	-38.279
88.93992	282.03306	-37.198
88.69104	277.25334	-36.137
87.9444	273.27024	-35.09
87.19674	270.08274	-34.056
86.94786	265.30302	-33.04
85.95132	261.71772	-32.038
85.20468	256.93698	-31.054
83.95926	252.95388	-30.085
83.21262	247.77534	-29.136
82.46496	243.39342	-28.204
81.46944	238.61268	-27.29
80.97168	233.83296	-26.395
80.4729	228.2556	-25.52
79.47738	223.07706	-24.666
78.48084	218.29734	-23.83
76.98654	213.1188	-23.014
76.2399	207.94026	-22.218
75.74214	202.76172	-21.441
74.7456	197.18436	-20.686
73.99896	192.00582	-19.951
73.00242	186.03066	-19.238
71.757	181.24992	-18.544
70.5126	175.27476	-17.873
69.0183	170.09622	-17.221
66.77736	164.51988	-16.591
64.28652	158.94252	-15.983
62.29446	152.96736	-15.397
59.80464	147.78882	-14.831
56.81604	142.21146	-14.286
54.07632	136.63512	-13.763
51.08874	130.65996	-13.263
47.85126	125.48142	-12.782
44.86266	119.50524	-12.324
41.87508	113.9289	-11.888
38.13882	107.95374	-11.475
34.65246	102.7752	-11.081
31.91376	96.80004	-10.71
28.92516	91.6215	-10.359
25.18992	85.24752	-10.033
21.2058	79.67016	-9.728
17.47056	74.49162	-9.443
13.48542	68.11866	-9.182
10.00008	62.94012	-8.941
6.51372	56.96394	-8.723
2.2797	51.7854	-8.524
-1.45554	47.40348	-8.343
-4.69302	44.217	-8.173
-8.17938	40.6317	-8.018
-10.91808	36.24978	-7.879
-13.16004	31.86786	-7.757
-15.1521	27.88476	-7.65
-17.64192	25.4949	-7.552
-20.38164	23.10402	-7.464
-23.6181	21.11298	-7.383
-27.35436	19.91754	-7.307
-30.59082	17.92548	-7.238
-34.57596	15.93444	-7.177
-38.56008	13.54356	-7.125
-43.54074	11.55252	-7.081
-48.02262	10.7559	-7.04
-52.50552	10.7559	-6.999
-56.9874	9.95928	-6.96
-60.97254	8.76384	-6.927
-64.95666	7.1706	-6.899
-68.44302	5.97516	-6.877
-71.92938	5.57736	-6.855
-75.16686	5.97516	-6.832
-77.4078	4.77972	-6.814
-79.15098	4.77972	-6.796
-80.3964	3.9831	-6.78
-81.39192	3.5853	-6.767
-82.38846	2.78868	-6.756
-83.1351	2.78868	-6.745
-83.63286	2.78868	-6.735
-84.38052	1.99206	-6.727
-85.12716	0	-6.727
-86.1237	-1.19544	-6.732
-87.11922	-0.79662	-6.735
-88.36464	0	-6.735
-90.10782	0.39882	-6.733
-91.851	0	-6.733
-93.84306	0	-6.733
-95.33736	0	-6.733
-97.32942	0	-6.733
-99.0726	0	-6.733
-101.56242	0	-6.733
-103.5555	0	-6.733
-104.7999	0	-6.733
-106.54308	0	-6.733
-106.79196	0	-6.733
-106.2942	-0.39882	-6.735
-105.29868	0	-6.735
-104.30214	0	-6.735
-102.55896	0	-6.735
-100.06914	-0.39882	-6.736
-97.5783	-2.38986	-6.745
-94.8396	-5.57736	-6.767
-91.851	-10.35708	-6.806
-89.11128	-15.93444	-6.867
-86.37258	-20.71416	-6.947
-84.38052	-24.69828	-7.041
-82.63734	-30.27462	-7.157
-80.89416	-35.85198	-7.295
-79.64874	-42.62376	-7.458
-78.9021	-49.79436	-7.649
-78.15444	-57.36276	-7.868
-77.65668	-64.53336	-8.115
-77.65668	-71.70294	-8.39
-76.91004	-79.27236	-8.694
-76.66014	-86.84076	-9.026
-76.16238	-94.80798	-9.389
-75.9135	-103.57182	-9.786
-75.16686	-112.33566	-10.216
-73.67256	-120.70068	-10.678
-72.9249	-128.6679	-11.171
-71.92938	-137.43174	-11.697
-70.43508	-145.79676	-12.256
-68.6919	-154.5606	-12.848
-66.45096	-164.12106	-13.476
-64.70778	-172.4871	-14.137
-63.46236	-182.04756	-14.834
-62.71572	-190.81038	-15.565
-61.71918	-199.97304	-16.33
-61.22142	-209.13468	-17.131
-60.97254	-218.29734	-17.967
-61.22142	-227.45898	-18.838
-61.96806	-235.82502	-19.742
-63.46236	-243.39342	-20.674
-64.70778	-248.96976	-21.627
-66.20208	-254.14932	-22.6
-67.44648	-259.32786	-23.594
-68.44302	-263.70978	-24.604
-70.43508	-267.69288	-25.629
-71.6805	-271.67598	-26.669
-71.6805	-274.86348	-27.722
-71.18172	-278.04996	-28.787
-70.43508	-280.83864	-29.862
-70.43508	-283.62732	-30.948
-69.93732	-285.61836	-32.042
-68.6919	-286.41498	-33.139
-66.94872	-288.80586	-34.245
-65.45442	-290.3991	-35.357
-63.96012	-292.39116	-36.477
-62.9646	-293.9844	-37.603
-61.96806	-294.78102	-38.732
-61.4703	-295.17882	-39.862
-59.976	-296.37426	-40.997
-59.976	-296.77206	-42.134
-60.22488	-298.76412	-43.278
-60.72264	-299.16294	-44.423
-59.976	-300.35736	-45.574
-59.72712	-300.75618	-46.726
-59.72712	-300.75618	-47.877
-60.47376	-301.5528	-49.032
-60.97254	-301.15398	-50.186
-60.72264	-301.15398	-51.339
-60.22488	-302.74824	-52.498
-59.976	-303.54486	-53.661
-59.72712	-303.94266	-54.825
-60.47376	-303.94266	-55.989
-61.22142	-303.14604	-57.15
-60.72264	-302.74824	-58.309
-60.97254	-302.34942	-59.467
-61.22142	-300.35736	-60.617
-62.46582	-299.56074	-61.764
-62.46582	-297.5697	-62.904
-63.21348	-294.78102	-64.033
-63.46236	-289.60248	-65.142
-64.209	-288.40704	-66.247
-63.96012	-286.41498	-67.343
-64.95666	-280.43982	-68.417
-64.4589	-278.04996	-69.482
-63.96012	-273.66804	-70.53
-63.46236	-269.28612	-71.562
-62.71572	-264.9042	-72.576
-62.46582	-260.12448	-73.572
-61.22142	-258.13242	-74.561
-60.97254	-249.7674	-75.517
-59.976	-246.97872	-76.463
-58.97946	-241.80018	-77.389
-57.73506	-237.01944	-78.297
-57.48618	-231.8409	-79.185
-57.23628	-226.26456	-80.051
-56.48964	-221.48382	-80.899
-56.24076	-215.50866	-81.725
-56.24076	-210.72792	-82.532
-55.4931	-205.9482	-83.321
-54.49758	-201.16746	-84.091
-53.99982	-194.7945	-84.837
-53.99982	-189.21714	-85.562
-53.74992	-183.6408	-86.265
-53.00328	-178.46226	-86.948
-52.00674	-172.8849	-87.61
-51.2601	-167.70636	-88.253
-51.01122	-162.52782	-88.875
-50.26458	-156.15384	-89.473
-49.7658	-151.77192	-90.054
-48.5214	-143.4069	-90.604
-48.2715	-139.4238	-91.137
-47.52486	-134.24526	-91.652
-47.27598	-128.26908	-92.143
-46.27944	-122.69274	-92.613
-45.78168	-117.11538	-93.061
-45.28392	-111.14022	-93.487
-44.53626	-105.16506	-93.89
-43.78962	-99.98652	-94.272
-43.04196	-94.40916	-94.634
-41.79756	-88.83282	-94.974
-40.55214	-83.25546	-95.293
-38.80896	-77.2803	-95.589
-37.81242	-70.90632	-95.861
-37.06578	-65.32998	-96.111
-36.56802	-60.15144	-96.341
-35.57148	-54.57408	-96.55
-34.57596	-50.98878	-96.745
-33.57942	-47.00568	-96.925
-33.08166	-42.62376	-97.089
-32.334	-37.84302	-97.234
-31.33848	-33.0633	-97.36
-30.84072	-29.478	-97.473
-30.09306	-27.08814	-97.577
-28.84764	-25.09608	-97.673
-27.85212	-23.10402	-97.761
-26.6067	-20.31636	-97.839
-25.61118	-18.7221	-97.911
-24.11688	-15.93444	-97.972
-23.12034	-14.34018	-98.027
-21.12828	-13.14576	-98.077
-19.13622	-11.95032	-98.123
-17.64192	-11.55252	-98.167
-15.89874	-9.95928	-98.205
-13.6578	-9.16164	-98.24
-11.66574	-7.5684	-98.269
-9.92256	-6.77178	-98.295
-7.6806	-5.97516	-98.318
-5.93742	-5.97516	-98.341
-3.69648	-5.97516	-98.364
-1.70442	-4.77972	-98.382
-0.459	-4.38192	-98.399
1.53306	-3.18648	-98.411
4.02288	-3.18648	-98.423
7.26036	-3.18648	-98.436
10.24896	-3.18648	-98.448
12.98766	-2.78868	-98.459
16.7229	0.39882	-98.457
20.20926	1.99206	-98.449
23.69562	1.99206	-98.442
27.92964	0.79662	-98.439
31.66488	-0.79662	-98.442
36.14676	-0.79662	-98.445
40.1319	0	-98.445
44.3649	0	-98.445
48.10014	0.79662	-98.442
50.58996	0	-98.442
53.32968	0	-98.442
55.32174	0	-98.442
57.06492	0.39882	-98.44
59.05698	0	-98.44
60.80016	1.59324	-98.434
61.7967	3.9831	-98.419
64.03764	8.36502	-98.387
65.53194	13.54356	-98.335
67.77288	18.3243	-98.265
69.51606	22.70622	-98.178
71.01036	27.48594	-98.073
72.0069	33.0633	-97.946
72.50466	39.43728	-97.795
72.50466	45.41244	-97.621
72.25578	50.98878	-97.426
72.25578	55.76952	-97.212
72.0069	60.94806	-96.979
71.50812	68.11866	-96.718
70.76148	75.68706	-96.428
69.26718	84.05208	-96.106
68.52054	91.22268	-95.757
67.27512	98.79108	-95.378
66.27858	105.96168	-94.973
65.78082	113.53008	-94.538
65.53194	122.29392	-94.07
65.28306	131.05776	-93.568
65.03418	139.4238	-93.034
65.78082	148.18662	-92.466
65.78082	156.15384	-91.868
66.0297	165.3165	-91.235
66.52746	173.68152	-90.57
67.27512	183.6408	-89.867
68.02176	192.00582	-89.131
69.0183	200.37084	-88.364
70.76148	209.9313	-87.56
73.00242	219.49176	-86.719
74.7456	229.05222	-85.842
75.99102	236.62164	-84.936
77.23542	243.39342	-84.004
78.9786	249.7674	-83.047
80.97168	254.54712	-82.073
82.96374	259.72566	-81.078
84.70692	263.70978	-80.068
86.20122	267.69288	-79.043
86.69898	271.67598	-78.002
87.6945	275.6601	-76.947
88.93992	278.44878	-75.88
89.43768	281.23644	-74.803
89.43768	283.2285	-73.719
90.6831	285.22056	-72.626
90.6831	286.8138	-71.528
90.93198	289.60248	-70.419
91.67964	290.7969	-69.305
91.42974	292.78896	-68.184
91.42974	293.18778	-67.061
92.1774	294.3822	-65.934
92.42628	295.97544	-64.8
93.17292	297.17088	-63.662
93.42282	297.9675	-62.521
93.6717	298.76412	-61.377
93.92058	298.76412	-60.233
93.92058	299.56074	-59.086
93.92058	299.95956	-57.937
94.16946	301.15398	-56.784
93.42282	301.95162	-55.627
93.42282	301.15398	-54.474
92.67516	301.95162	-53.317
92.67516	303.14604	-52.157
92.42628	303.14604	-50.996
91.67964	303.54486	-49.833
92.1774	303.14604	-48.672
92.1774	302.74824	-47.513
92.92404	302.74824	-46.353
93.17292	302.74824	-45.194
92.92404	302.34942	-44.036
92.92404	298.36632	-42.893
93.42282	295.17882	-41.763
93.42282	292.78896	-40.642
94.16946	290.00028	-39.531
94.66722	287.2116	-38.431
93.92058	283.62732	-37.345
93.6717	280.43982	-36.271
92.92404	276.0579	-35.214
92.92404	272.4726	-34.17
92.92404	267.29406	-33.147
92.67516	262.91214	-32.14
92.42628	258.13242	-31.151
91.67964	253.7505	-30.179
90.93198	249.36858	-29.224
90.18534	244.58886	-28.288
89.68758	239.4093	-27.371
88.93992	234.62958	-26.472
88.19328	229.05222	-25.595
87.6945	223.87368	-24.738
86.94786	219.09396	-23.899
86.20122	213.91542	-23.079
85.95132	208.33806	-22.282
85.20468	203.15952	-21.504
85.20468	197.18436	-20.748
84.70692	192.00582	-20.013
84.45804	186.82728	-19.298
84.70692	181.64874	-18.602
83.71038	175.67358	-17.929
83.4615	170.09622	-17.278
82.21608	164.91768	-16.646
81.71832	159.34134	-16.036
80.72178	153.36618	-15.449
79.97514	147.78882	-14.883
78.9786	142.21146	-14.338
77.48532	137.03292	-13.813
76.2399	131.05776	-13.311
74.99448	125.48142	-12.831
73.50018	119.90406	-12.372
71.50812	113.9289	-11.935
69.51606	107.95374	-11.522
67.27512	103.173	-11.127
64.78428	97.19784	-10.755
62.04558	91.22268	-10.405
58.55922	85.64532	-10.077
54.82398	79.67016	-9.772
51.33762	74.49162	-9.487
47.60238	68.91528	-9.223
44.11602	63.33792	-8.98
40.1319	58.15938	-8.758
35.89788	52.98084	-8.555
32.16264	48.99774	-8.367
28.4274	45.41244	-8.193
25.4388	41.42832	-8.034
22.7001	36.24978	-7.896
19.7115	32.26668	-7.772
17.47056	28.28256	-7.664
14.97972	26.29152	-7.563
12.4899	23.90064	-7.472
10.00008	21.9096	-7.388
6.26382	19.91754	-7.311
3.02736	17.92548	-7.243
-0.21012	15.93444	-7.182
-3.69648	13.94238	-7.128
-8.17938	12.34914	-7.081
-12.1635	11.55252	-7.037
-16.14762	10.35708	-6.997
-20.63052	9.95928	-6.959
-24.11688	8.76384	-6.925
-28.34988	7.5684	-6.896
-32.334	6.37398	-6.872
-35.82036	5.97516	-6.849
-39.8055	5.57736	-6.828
-43.29186	5.17854	-6.808
-46.03056	4.77972	-6.79
-48.5214	4.38192	-6.773
-51.2601	3.18648	-6.761
-54.2487	2.78868	-6.75
-56.9874	2.78868	-6.739
-59.72712	2.78868	-6.729
-62.21694	2.38986	-6.719
-63.96012	0	-6.719
-65.95218	-1.99206	-6.727
-68.19414	-1.59324	-6.733
-69.43854	-0.39882	-6.735
-70.68396	0.79662	-6.732
-72.42714	0.79662	-6.729
-73.42368	-0.39882	-6.73
-74.91696	0	-6.73
-75.9135	0	-6.73
-77.4078	0	-6.73
-77.90556	0	-6.73
-77.90556	0	-6.73
-77.4078	0	-6.73
-76.91004	0	-6.73
-76.66014	0	-6.73
-76.16238	-0.39882	-6.732
-75.16686	-2.38986	-6.741
-73.92144	-5.57736	-6.762
-72.67602	-10.7559	-6.803
-71.4306	-15.93444	-6.864
-70.1862	-20.71416	-6.944
-69.18966	-25.09608	-7.04
-68.19414	-29.87682	-7.154
-67.1976	-35.85198	-7.292
-65.95218	-43.02156	-7.456
-64.95666	-49.79436	-7.647
-63.71124	-57.36276	-7.867
-62.46582	-64.53336	-8.114
-61.22142	-71.70294	-8.388
-59.72712	-78.87354	-8.69
-58.23282	-86.84076	-9.023
-57.23628	-95.20578	-9.388
-55.99188	-103.57182	-9.784
-55.24422	-111.93684	-10.213
-54.2487	-120.30288	-10.674
-53.74992	-128.6679	-11.166
-53.00328	-137.43174	-11.693
-52.7544	-145.79676	-12.251
-51.75786	-154.95942	-12.845
-51.01122	-163.72326	-13.472
-50.51346	-172.4871	-14.132
-50.51346	-182.04756	-14.829
-51.2601	-191.2092	-15.562
-51.50898	-199.97304	-16.327
-52.00674	-209.13468	-17.128
-52.25664	-218.69514	-17.966
-53.25216	-227.8578	-18.838
-54.2487	-235.82502	-19.742
-55.4931	-242.9946	-20.672
-56.73852	-248.57196	-21.624
-57.73506	-254.54712	-22.599
-58.23282	-259.72566	-23.594
-58.73058	-263.70978	-24.604
-60.72264	-267.69288	-25.629
-61.71918	-273.66804	-26.677
-62.21694	-272.0748	-27.719
-61.71918	-278.04996	-28.784
-61.71918	-281.23644	-29.861
-61.71918	-284.02512	-30.948
-61.71918	-285.22056	-32.041
-61.96806	-286.8138	-33.139
-60.97254	-288.40704	-34.243
-59.976	-290.3991	-35.356
-59.47824	-291.99234	-36.474
-59.72712	-294.3822	-37.601
-58.97946	-295.17882	-38.732
-58.73058	-295.57764	-39.864
-57.73506	-296.37426	-40.999
-56.9874	-297.5697	-42.138
-56.9874	-297.9675	-43.279
-56.48964	-299.16294	-44.425
-55.4931	-299.95956	-45.574
-54.2487	-299.95956	-46.723
-53.00328	-301.15398	-47.876
-52.50552	-301.15398	-49.029
-52.00674	-301.95162	-50.186
-51.50898	-302.34942	-51.343
-50.51346	-302.34942	-52.501
-50.01468	-302.34942	-53.659
-50.51346	-303.14604	-54.82
-51.75786	-303.54486	-55.983
-52.50552	-303.54486	-57.145
-52.50552	-303.54486	-58.308
-53.00328	-302.74824	-59.467
-54.2487	-301.15398	-60.62
-56.24076	-299.16294	-61.766
-57.73506	-296.37426	-62.901
-58.73058	-292.78896	-64.022
-58.97946	-291.19572	-65.137
-58.73058	-289.20366	-66.245
-59.22936	-286.41498	-67.342
-60.22488	-282.03306	-68.422
-61.71918	-277.25334	-69.484
-58.73058	-272.4726	-70.527
-57.48618	-268.88832	-71.557
-56.73852	-265.30302	-72.573
-55.4931	-261.71772	-73.575
-54.49758	-256.53918	-74.558
-53.99982	-250.96182	-75.519
-52.7544	-246.1821	-76.462
-51.50898	-241.00356	-77.385
-50.26458	-237.41826	-78.294
-49.51692	-233.83296	-79.189
-49.01916	-225.06912	-80.051
-48.2715	-221.08602	-80.898
-48.02262	-215.90748	-81.725
-48.02262	-210.33012	-82.53
-47.52486	-205.9482	-83.319
-47.0271	-200.76966	-84.088
-46.27944	-195.1923	-84.835
-45.78168	-189.21714	-85.56
-45.5328	-184.0386	-86.265
-44.53626	-178.06344	-86.947
-43.78962	-172.8849	-87.609
-43.29186	-167.70636	-88.251
-42.5442	-162.129	-88.872
-42.04644	-156.55266	-89.472
-41.29878	-150.5775	-90.048
-40.80102	-145.00014	-90.604
-40.05438	-141.01704	-91.144
-39.5556	-132.2532	-91.65
-39.05784	-127.87128	-92.14
-39.30672	-123.09054	-92.611
-39.05784	-117.11538	-93.06
-39.30672	-111.14022	-93.485
-39.8055	-105.16506	-93.888
-40.30326	-99.98652	-94.271
-40.30326	-94.40916	-94.632
-40.55214	-88.83282	-94.973
-40.05438	-83.25546	-95.292
-39.30672	-77.2803	-95.587
-38.56008	-71.70294	-95.862
-38.06232	-65.32998	-96.112
-37.31466	-59.75262	-96.341
-36.31914	-54.57408	-96.55
-34.82484	-50.98878	-96.745
-33.8283	-47.00568	-96.925
-32.5839	-43.02156	-97.09
-31.0896	-37.84302	-97.235
-30.59082	-32.66448	-97.36
-29.5953	-29.478	-97.473
-28.59876	-27.08814	-97.577
-28.101	-25.09608	-97.673
-27.10446	-22.70622	-97.76
-26.10894	-20.71416	-97.839
-25.36128	-18.7221	-97.911
-24.36576	-15.93444	-97.972
-24.11688	-14.34018	-98.027
-23.36922	-13.14576	-98.077
-22.87146	-11.95032	-98.123
-22.62258	-11.55252	-98.167
-21.62604	-9.95928	-98.205
-20.8794	-9.16164	-98.24
-19.88286	-7.5684	-98.269
-18.63846	-7.1706	-98.297
-17.14416	-6.37398	-98.321
-15.64986	-5.57736	-98.343
-13.6578	-5.57736	-98.364
-12.66126	-5.17854	-98.384
-11.41686	-4.77972	-98.402
-9.92256	-3.5853	-98.416
-8.17938	-2.38986	-98.425
-5.68854	-2.78868	-98.436
-3.69648	-3.18648	-98.448
-1.70442	-2.78868	-98.459
0.28764	-0.39882	-98.46
2.52858	1.99206	-98.452
4.52064	2.38986	-98.443
6.26382	0.39882	-98.442
8.75466	-0.39882	-98.443
10.9956	-1.19544	-98.448
14.23308	-0.39882	-98.449
17.47056	0.39882	-98.448
20.20926	0.79662	-98.445
23.9445	0	-98.445
27.68076	0	-98.445
32.16264	0	-98.445
35.89788	0	-98.445
40.62966	0	-98.445
44.61378	0	-98.445
48.10014	0.39882	-98.443
51.33762	0	-98.443
54.32622	0	-98.443
56.31828	0	-98.443
58.31034	0.39882	-98.442
59.30586	0.79662	-98.439
60.80016	2.78868	-98.428
61.04904	5.97516	-98.405
61.29792	11.1537	-98.362
61.29792	16.33224	-98.3
61.04904	20.31636	-98.222
60.80016	24.29946	-98.129
61.04904	28.68138	-98.019
60.80016	34.65654	-97.886
61.04904	41.03052	-97.729
61.04904	47.8023	-97.546
61.29792	54.9729	-97.336
61.29792	62.14248	-97.098
61.7967	68.51646	-96.835
62.04558	76.08486	-96.544
61.7967	84.05208	-96.222
62.29446	92.0193	-95.87
62.04558	100.38432	-95.485
61.7967	107.95374	-95.072
61.7967	116.31876	-94.626
62.04558	125.0826	-94.147
63.0411	133.44762	-93.636
64.03764	142.21146	-93.092
65.78082	150.9753	-92.514
68.27064	159.73914	-91.902
70.26372	168.50298	-91.256
72.0069	176.4702	-90.581
73.50018	184.43742	-89.874
75.24336	190.41258	-89.145
76.73766	194.39568	-88.401
78.9786	198.7776	-87.639
81.46944	203.55834	-86.86
83.21262	207.54144	-86.065
85.20468	211.52556	-85.255
86.4501	214.71204	-84.433
87.6945	218.29734	-83.597
88.19328	220.28838	-82.753
89.1888	225.06912	-81.891
90.6831	221.48382	-81.043
92.1774	226.66236	-80.175
92.67516	230.24766	-79.293
92.92404	227.8578	-78.42
92.92404	232.23972	-77.531
93.17292	233.43414	-76.637
93.6717	233.83296	-75.742
94.41834	234.62958	-74.843
95.41488	234.23076	-73.946
95.91264	236.62164	-73.04
96.4104	237.81606	-72.129
96.65928	239.0115	-71.214
96.4104	239.4093	-70.297
96.90918	239.80812	-69.378
97.65582	239.80812	-68.46
97.9047	239.4093	-67.543
98.40246	239.80812	-66.625
99.15012	240.60474	-65.703
99.399	242.19798	-64.776
99.64788	244.98666	-63.838
100.39554	240.20694	-62.918
100.64442	242.19798	-61.99
100.64442	241.80018	-61.064
100.39554	242.19798	-60.137
100.64442	242.9946	-59.206
100.14564	243.79122	-58.272
100.14564	246.1821	-57.33
99.89676	240.60474	-56.408
99.89676	242.9946	-55.478
99.399	243.39342	-54.546
99.399	243.79122	-53.612
98.90124	244.19004	-52.677
98.40246	244.19004	-51.742
98.65236	243.79122	-50.808
98.40246	243.79122	-49.874
98.15358	243.79122	-48.941
97.40694	243.79122	-48.007
97.40694	244.19004	-47.072
96.65928	244.58886	-46.135
96.4104	244.98666	-45.197
95.91264	244.19004	-44.262
95.166	243.79122	-43.328
94.41834	243.79122	-42.395
93.6717	243.79122	-41.461
92.92404	244.58886	-40.524
91.92852	244.58886	-39.587
91.18086	244.98666	-38.649
91.42974	245.38548	-37.71
90.93198	244.19004	-36.774
91.42974	243.79122	-35.841
91.92852	243.39342	-34.909
92.1774	244.19004	-33.973
92.1774	244.19004	-33.038
92.92404	242.19798	-32.111
92.42628	239.4093	-31.194
92.67516	235.4262	-30.292
91.92852	233.03634	-29.4
92.1774	230.64648	-28.517
91.92852	227.8578	-27.644
91.18086	224.6703	-26.784
91.42974	221.08602	-25.937
91.42974	216.30528	-25.108
90.43422	212.71998	-24.294
90.18534	208.73688	-23.494
89.68758	204.75276	-22.71
89.1888	200.76966	-21.941
88.69104	195.59112	-21.192
87.6945	190.81038	-20.462
87.19674	186.03066	-19.749
86.4501	181.24992	-19.055
85.70244	176.4702	-18.379
84.20814	171.29166	-17.723
82.71486	166.11312	-17.087
81.71832	161.33238	-16.469
80.22402	155.75604	-15.873
78.72972	150.5775	-15.296
77.48532	145.00014	-14.741
76.48878	139.8216	-14.205
75.49224	134.64306	-13.69
74.24784	129.0657	-13.195
73.2513	123.48936	-12.723
72.50466	118.31082	-12.269
71.757	113.13228	-11.836
70.76148	107.15712	-11.426
70.76148	101.57976	-11.037
70.76148	96.00342	-10.669
70.5126	90.02724	-10.324
70.26372	84.8487	-9.999
69.26718	79.27236	-9.696
68.76942	73.695	-9.414
67.524	68.11866	-9.153
66.0297	62.5413	-8.913
64.03764	56.56614	-8.697
62.04558	51.3876	-8.5
59.05698	47.40348	-8.318
56.56716	44.217	-8.149
52.83192	40.2339	-7.995
50.0922	35.85198	-7.858
46.85472	31.47006	-7.737
44.11602	27.88476	-7.63
41.3763	25.09608	-7.534
38.88648	22.70622	-7.447
36.89442	21.51078	-7.365
35.15124	19.51974	-7.29
33.65694	17.12886	-7.224
32.16264	15.13782	-7.166
31.1661	13.94238	-7.113
30.91722	12.34914	-7.066
30.41946	11.1537	-7.023
29.67282	10.7559	-6.982
28.92516	9.56046	-6.945
28.92516	8.36502	-6.913
27.68076	7.5684	-6.884
27.43086	6.37398	-6.86
26.43534	5.97516	-6.837
25.18992	5.57736	-6.816
24.44328	5.17854	-6.796
23.44674	5.17854	-6.776
22.94898	3.9831	-6.761
22.45122	3.5853	-6.747
20.70804	2.78868	-6.736
19.96038	2.78868	-6.726
18.96486	2.38986	-6.716
17.71944	2.38986	-6.707
17.47056	0	-6.707
16.22514	-1.59324	-6.713
15.4785	-1.19544	-6.718
14.73084	-0.39882	-6.719
13.9842	0.39882	-6.718
13.48542	0.39882	-6.716
12.73878	0.39882	-6.715
12.24102	-0.39882	-6.716
11.74224	0	-6.716
10.9956	0	-6.716
10.49784	0	-6.716
10.00008	0	-6.716
9.25242	0	-6.716
8.75466	0	-6.716
8.2569	0	-6.716
7.75812	0	-6.716
7.26036	0	-6.716
6.7626	0	-6.716
6.26382	0	-6.716
5.76606	0	-6.716
5.01942	0	-6.716
4.52064	0	-6.716
3.774	0	-6.716
2.77746	0	-6.716
2.03082	0	-6.716
1.53306	0	-6.716
1.03428	0	-6.716
0.53652	0	-6.716
0.28764	0	-6.716
0.03876	0	-6.716
-0.21012	0	-6.716
-0.95778	0	-6.716
-0.95778	0	-6.716
-1.70442	0	-6.716
-1.9533	-0.39882	-6.718
-1.9533	0.39882	-6.716
-2.20218	-0.39882	-6.718
-2.45208	0	-6.718
-2.20218	0	-6.718
-3.19872	0	-6.718
-3.69648	-0.39882	-6.719
-3.69648	-1.19544	-6.724
-4.19526	-2.78868	-6.735
-4.19526	-3.9831	-6.75
-4.44414	-5.57736	-6.771
-4.44414	-7.1706	-6.799
-4.9419	-8.36502	-6.831
-4.44414	-9.95928	-6.869
-4.69302	-11.95032	-6.915
-4.44414	-13.94238	-6.968
-4.19526	-16.33224	-7.031
-4.19526	-19.12092	-7.104
-4.69302	-20.71416	-7.183
-5.43966	-22.3074	-7.269
-5.93742	-23.90064	-7.36
-6.93396	-25.4949	-7.458
-7.6806	-27.88476	-7.565
-8.67714	-29.87682	-7.679
-9.67368	-31.47006	-7.8
-10.17144	-33.0633	-7.926
-11.66574	-34.65654	-8.059
-12.1635	-36.6486	-8.199
-13.40892	-37.84302	-8.344
-13.90668	-39.83508	-8.497
-14.40444	-41.03052	-8.654
-15.1521	-43.02156	-8.819
-15.64986	-44.217	-8.988
-16.3965	-45.41244	-9.162
-16.6464	-47.00568	-9.342
-16.6464	-48.59892	-9.528
-17.39304	-49.39554	-9.717
-17.8908	-51.3876	-9.914
-18.13968	-52.58202	-10.115
-18.88734	-53.37966	-10.32
-19.3851	-54.9729	-10.53
-19.88286	-56.16732	-10.745
-20.63052	-57.36276	-10.965
-21.12828	-58.5582	-11.189
-21.37716	-60.15144	-11.42
-21.87492	-60.54924	-11.652
-22.12482	-62.14248	-11.89
-23.12034	-63.33792	-12.132
-23.36922	-64.13454	-12.378
-23.868	-65.32998	-12.628
-23.868	-66.1266	-12.881
-24.61464	-67.32204	-13.139
-24.86352	-68.11866	-13.4
-24.86352	-69.31308	-13.665
-24.61464	-70.50852	-13.935
-24.86352	-71.30514	-14.208
-24.86352	-72.10176	-14.485
-24.36576	-72.89838	-14.764
-24.36576	-73.2972	-15.044
-24.11688	-74.89044	-15.331
-23.868	-76.08486	-15.623
-24.11688	-76.48368	-15.915
-23.36922	-76.8825	-16.21
-23.36922	-78.07692	-16.509
-23.12034	-78.47574	-16.809
-22.87146	-79.67016	-17.115
-22.62258	-80.46678	-17.423
-21.87492	-80.8656	-17.732
-22.12482	-81.2634	-18.044
-21.87492	-82.85766	-18.361
-21.37716	-82.85766	-18.678
-21.37716	-84.05208	-19
-21.12828	-84.4509	-19.324
-20.63052	-85.24752	-19.65
-20.63052	-85.64532	-19.978
-20.38164	-86.44296	-20.309
-19.3851	-86.84076	-20.642
-19.3851	-88.0362	-20.979
-18.88734	-88.0362	-21.316
-18.63846	-88.83282	-21.656
-18.38958	-89.23062	-21.998
-18.13968	-90.02724	-22.343
-17.8908	-90.02724	-22.687
-17.39304	-91.22268	-23.037
-17.14416	-91.6215	-23.388
-16.89528	-91.6215	-23.739
-16.3965	-92.81592	-24.094
-16.14762	-92.81592	-24.449
-15.89874	-93.21474	-24.806
-15.89874	-94.01136	-25.166
-15.40098	-94.40916	-25.528
-15.40098	-94.80798	-25.891
-14.90322	-96.00342	-26.259
-14.65332	-95.20578	-26.623
-14.65332	-96.00342	-26.991
-14.15556	-96.80004	-27.362
-14.15556	-96.80004	-27.732
-13.90668	-97.59666	-28.106
-13.90668	-98.79108	-28.485
-13.90668	-97.19784	-28.857
-13.90668	-98.39328	-29.234
-13.90668	-98.79108	-29.612
-13.6578	-99.5877	-29.993
-13.6578	-99.5877	-30.375
-13.90668	-99.98652	-30.758
-13.40892	-100.38432	-31.142
-13.40892	-100.38432	-31.526
-13.40892	-101.18196	-31.914
-13.40892	-101.18196	-32.301
-12.66126	-101.97858	-32.692
-12.41238	-101.97858	-33.083
-12.41238	-101.97858	-33.473
-12.1635	-102.37638	-33.865
-11.91462	-103.173	-34.26
-11.16696	-103.173	-34.655
-10.91808	-103.57182	-35.052
-10.6692	-103.96962	-35.45
-10.91808	-103.57182	-35.847
-10.6692	-103.57182	-36.243
-10.17144	-104.36844	-36.643
-9.67368	-105.16506	-37.046
-9.67368	-105.16506	-37.449
-9.1749	-105.16506	-37.851
-8.92602	-105.56388	-38.256
-9.1749	-105.56388	-38.66
-9.1749	-105.56388	-39.064
-9.42378	-105.96168	-39.47
-8.67714	-106.3605	-39.877
-8.67714	-107.15712	-40.288
-8.67714	-107.15712	-40.698
-8.42826	-107.15712	-41.108
-8.67714	-107.15712	-41.519
-8.67714	-106.7583	-41.928
-8.67714	-107.55492	-42.34
-8.42826	-107.55492	-42.751
-8.42826	-107.95374	-43.165
-8.67714	-108.35154	-43.58
-8.67714	-108.75036	-43.996
-8.67714	-108.75036	-44.413
-8.17938	-107.95374	-44.826
-8.42826	-109.14816	-45.244
-8.67714	-108.75036	-45.661
-8.92602	-109.14816	-46.079
-8.67714	-109.54698	-46.498
-8.42826	-109.54698	-46.918
-8.92602	-109.14816	-47.336
-9.42378	-108.75036	-47.752
-9.92256	-107.95374	-48.166
-10.42032	-107.15712	-48.576
-10.17144	-107.15712	-48.986
-10.42032	-106.7583	-49.395
-10.17144	-105.96168	-49.801
-10.6692	-105.16506	-50.204
-11.16696	-103.57182	-50.6
-11.41686	-101.97858	-50.991
-11.66574	-100.78314	-51.377
-11.91462	-99.5877	-51.758
-11.41686	-99.5877	-52.14
-9.92256	-98.39328	-52.517
-9.1749	-96.40122	-52.886
-10.17144	-94.01136	-53.246
-11.91462	-92.81592	-53.601
-12.91014	-89.23062	-53.943
-12.41238	-90.02724	-54.288
-11.66574	-92.0193	-54.64
-10.6692	-93.21474	-54.997
-10.42032	-91.6215	-55.348
-11.41686	-87.63738	-55.684
-12.91014	-83.25546	-56.002
-13.16004	-78.87354	-56.305
-12.91014	-79.27236	-56.608
-12.66126	-79.67016	-56.913
-11.91462	-80.06898	-57.22
-11.41686	-78.47574	-57.52
-11.66574	-75.68706	-57.81
-12.1635	-72.50058	-58.088
-12.1635	-70.50852	-58.358
-12.41238	-68.91528	-58.622
-12.1635	-68.91528	-58.886
-11.41686	-68.51646	-59.148
-10.91808	-67.71984	-59.407
-10.42032	-66.1266	-59.661
-10.6692	-63.73674	-59.905
-10.6692	-61.34586	-60.14
-11.16696	-59.35482	-60.367
-10.6692	-59.35482	-60.594
-9.67368	-59.35482	-60.822
-9.1749	-59.35482	-61.049
-8.92602	-57.36276	-61.269
-9.42378	-55.76952	-61.482
-9.67368	-53.37966	-61.687
-9.42378	-51.7854	-61.885
-8.92602	-51.3876	-62.082
-8.17938	-51.3876	-62.279
-7.43172	-50.98878	-62.474
-7.43172	-50.59098	-62.668
-6.93396	-48.99774	-62.855
-7.18284	-46.20906	-63.032
-7.6806	-44.61582	-63.203
-6.93396	-44.217	-63.372
-6.68508	-44.217	-63.542
-6.18732	-45.01362	-63.714
-5.68854	-43.8192	-63.882
-5.43966	-42.62376	-64.045
-5.43966	-40.6317	-64.201
-5.93742	-39.03846	-64.35
-5.43966	-38.24184	-64.497
-5.19078	-37.84302	-64.642
-4.9419	-38.24184	-64.788
-4.44414	-38.64066	-64.936
-3.94536	-37.0464	-65.078
-4.44414	-35.45316	-65.214
-4.9419	-34.25874	-65.345
-4.69302	-33.0633	-65.472
-4.69302	-32.66448	-65.597
-4.19526	-33.85992	-65.726
-3.4476	-33.0633	-65.853
-3.4476	-32.26668	-65.977
-3.4476	-31.07124	-66.095
-3.94536	-29.478	-66.208
-3.94536	-28.68138	-66.318
-3.4476	-28.68138	-66.428
-3.19872	-28.68138	-66.538
-2.94984	-29.0802	-66.649
-2.45208	-27.88476	-66.756
-2.70096	-27.08814	-66.86
-2.70096	-25.8927	-66.959
-2.70096	-25.09608	-67.055
-2.70096	-24.69828	-67.15
-2.45208	-25.09608	-67.246
-2.20218	-24.69828	-67.34
-1.70442	-24.29946	-67.433
-1.45554	-23.90064	-67.525
-2.20218	-22.70622	-67.612
-2.45208	-21.9096	-67.696
-2.45208	-21.11298	-67.777
-2.20218	-21.51078	-67.859
-2.20218	-21.51078	-67.941
-1.70442	-21.51078	-68.024
-1.70442	-20.31636	-68.102
-2.45208	-20.31636	-68.179
-2.45208	-18.7221	-68.251
-2.70096	-18.7221	-68.323
-2.45208	-18.3243	-68.393
-2.45208	-18.3243	-68.463
-2.45208	-18.7221	-68.535
-2.70096	-18.3243	-68.605
-2.70096	-17.12886	-68.671
-2.94984	-16.33224	-68.733
-2.94984	-16.33224	-68.796
-2.70096	-16.33224	-68.858
-2.94984	-15.93444	-68.919
-2.94984	-15.53562	-68.979
-2.45208	-15.93444	-69.04
-2.70096	-15.13782	-69.098
-2.94984	-14.739	-69.154
-3.4476	-13.94238	-69.208
-3.19872	-13.54356	-69.259
-3.19872	-13.94238	-69.313
-3.4476	-13.94238	-69.366
-3.19872	-13.54356	-69.418
-3.19872	-13.14576	-69.468
-3.69648	-13.14576	-69.519
-3.94536	-12.34914	-69.566
-3.94536	-11.95032	-69.612
-3.94536	-11.55252	-69.656
-4.19526	-11.95032	-69.702
-3.94536	-11.95032	-69.748
-3.69648	-11.95032	-69.793
-3.94536	-11.1537	-69.836
-3.94536	-10.35708	-69.876
-4.19526	-10.35708	-69.915
-4.44414	-9.95928	-69.954
-4.19526	-10.35708	-69.993
-3.94536	-10.7559	-70.034
-3.69648	-10.35708	-70.074
-3.94536	-9.56046	-70.111
-3.69648	-9.16164	-70.146
-4.19526	-8.76384	-70.179
-3.94536	-8.76384	-70.213
-3.69648	-8.76384	-70.247
-3.4476	-9.16164	-70.282
-3.69648	-8.76384	-70.315
-3.4476	-8.76384	-70.349
-3.4476	-8.36502	-70.381
-3.19872	-7.5684	-70.41
-3.4476	-7.5684	-70.439
-3.4476	-7.5684	-70.468
-3.19872	-7.96722	-70.498
-2.94984	-7.1706	-70.526
-2.94984	-7.5684	-70.555
-2.94984	-7.5684	-70.584
-2.94984	-6.77178	-70.61
-3.19872	-6.77178	-70.636
-2.94984	-6.37398	-70.66
-2.94984	-6.37398	-70.684
-2.70096	-6.77178	-70.71
-2.94984	-6.37398	-70.735
-2.45208	-6.37398	-70.759
-2.45208	-6.37398	-70.784
-2.45208	-5.57736	-70.805
-2.94984	-5.57736	-70.826
-2.45208	-5.57736	-70.848
-2.45208	-5.57736	-70.869
-2.20218	-5.57736	-70.89
-1.9533	-5.97516	-70.913
-1.9533	-5.17854	-70.933
-2.20218	-4.77972	-70.951
-2.45208	-5.17854	-70.971
-3.19872	-4.77972	-70.989
-4.44414	-4.77972	-71.008
-3.94536	-5.17854	-71.028
-2.94984	-4.77972	-71.046
-1.9533	-4.77972	-71.064
-1.70442	-4.38192	-71.081
-2.20218	-1.19544	-71.086
-2.70096	1.99206	-71.078
-2.70096	2.78868	-71.067
-1.9533	1.99206	-71.06
-1.9533	-0.39882	-71.061
-1.45554	-1.59324	-71.067
-1.45554	-1.19544	-71.072
-1.45554	-0.39882	-71.073
-0.95778	0.79662	-71.07
-1.20666	0.79662	-71.067
-0.95778	0	-71.067
-0.7089	-0.39882	-71.069
-1.20666	0	-71.069
-0.7089	0	-71.069
-0.95778	0	-71.069
-0.7089	0	-71.069
-0.7089	0	-71.069
-0.95778	0	-71.069
-0.7089	0	-71.069
-0.95778	0	-71.069
-0.459	0	-71.069
-0.7089	0	-71.069
-0.7089	0	-71.069
-0.21012	0	-71.069
-0.459	0	-71.069
-0.21012	0	-71.069
-0.459	0	-71.069
-0.459	0	-71.069
0	0	0
