[info]
speed	300
torque	/
position	/
gravity	/
termination type	/
termination val	/
stopmode	/
pause	/
[SetUp]	/
anatomical zero	/
mov1	/
mov2	/
end position	/
scale values	/
max GET mov1	/
max GET mov2	/
[filter]	/
filter	/
[markers by index]	/
move 1	/
move 2	/
max power start	/
max power end	/
	/
[data]
-11.0109	15.13782	-53.706
-11.0109	15.53562	-53.647
-11.50968	15.53562	-53.587
-11.50968	15.13782	-53.53
-11.25978	15.13782	-53.472
-11.0109	15.53562	-53.412
-11.50968	15.13782	-53.354
-11.50968	15.13782	-53.296
-11.0109	15.53562	-53.237
-11.25978	15.13782	-53.179
-11.0109	15.13782	-53.121
-11.25978	15.53562	-53.061
-11.50968	15.13782	-53.003
-11.0109	15.53562	-52.944
-11.25978	15.13782	-52.886
-11.0109	15.13782	-52.828
-11.50968	15.53562	-52.768
-11.50968	15.13782	-52.71
-11.0109	15.13782	-52.652
-11.0109	15.13782	-52.594
-11.25978	15.53562	-52.535
-11.25978	15.53562	-52.475
-11.25978	15.13782	-52.417
-11.25978	15.13782	-52.359
-11.25978	15.53562	-52.3
-11.75856	14.739	-52.243
-11.75856	15.53562	-52.184
-11.75856	15.13782	-52.126
-11.50968	15.53562	-52.067
-12.00744	15.53562	-52.007
-11.50968	15.13782	-51.949
-12.00744	15.13782	-51.891
-11.75856	15.13782	-51.833
-11.75856	15.53562	-51.774
-12.00744	15.13782	-51.716
-12.00744	15.53562	-51.656
-12.25632	15.13782	-51.598
-12.25632	15.13782	-51.54
-12.00744	15.53562	-51.481
-12.00744	15.13782	-51.423
-12.25632	15.53562	-51.363
-12.25632	14.739	-51.307
-12.25632	15.53562	-51.247
-12.25632	15.53562	-51.188
-12.25632	15.13782	-51.13
-12.25632	15.53562	-51.07
-12.25632	14.739	-51.014
-12.25632	15.53562	-50.954
-12.25632	15.13782	-50.896
-12.00744	15.53562	-50.837
-11.75856	15.13782	-50.779
-11.75856	15.53562	-50.719
-12.25632	15.13782	-50.661
-11.75856	15.13782	-50.604
-11.75856	15.13782	-50.546
-11.75856	15.53562	-50.486
-11.75856	15.53562	-50.427
-11.75856	14.739	-50.37
-13.00296	15.53562	-50.311
-12.25632	15.13782	-50.253
-12.25632	15.53562	-50.193
-12.25632	15.13782	-50.135
-12.00744	15.53562	-50.076
-12.25632	15.13782	-50.018
-12.25632	15.13782	-49.96
-11.75856	15.13782	-49.902
-12.25632	15.53562	-49.842
-11.75856	15.53562	-49.783
-11.75856	15.13782	-49.725
-12.00744	15.53562	-49.665
-12.00744	15.13782	-49.607
-11.75856	15.13782	-49.549
-12.00744	15.53562	-49.49
-12.00744	15.13782	-49.432
-12.5052	15.13782	-49.374
-12.00744	15.53562	-49.314
-12.25632	15.13782	-49.256
-12.00744	15.53562	-49.197
-12.25632	14.739	-49.141
-12.75408	15.53562	-49.081
-12.25632	15.53562	-49.022
-12.25632	15.13782	-48.964
-12.75408	15.53562	-48.904
-12.25632	15.13782	-48.846
-12.5052	15.13782	-48.788
-12.5052	15.53562	-48.729
-12.5052	15.13782	-48.671
-12.5052	15.13782	-48.613
-12.5052	15.53562	-48.553
-12.5052	15.13782	-48.495
-13.00296	15.13782	-48.437
-12.5052	15.53562	-48.378
-12.75408	15.13782	-48.32
-12.5052	15.53562	-48.26
-12.25632	15.13782	-48.202
-12.25632	15.13782	-48.144
-12.5052	15.13782	-48.086
-12.5052	15.53562	-48.027
-12.5052	15.13782	-47.969
-12.5052	15.53562	-47.909
-12.25632	15.13782	-47.851
-12.75408	15.13782	-47.793
-12.25632	15.53562	-47.734
-12.25632	15.13782	-47.676
-12.25632	15.53562	-47.616
-12.00744	14.739	-47.56
-12.25632	15.53562	-47.501
-12.5052	15.13782	-47.443
-12.25632	15.53562	-47.383
-12.00744	15.53562	-47.324
-12.00744	15.13782	-47.266
-12.25632	15.13782	-47.208
-12.25632	15.13782	-47.15
-12.00744	15.53562	-47.09
-12.25632	15.13782	-47.032
-12.25632	15.53562	-46.973
-12.5052	15.13782	-46.915
-12.25632	15.53562	-46.855
-12.5052	14.739	-46.799
-12.25632	15.53562	-46.739
-12.00744	15.13782	-46.681
-12.00744	15.13782	-46.623
-12.00744	15.53562	-46.564
-11.75856	15.53562	-46.504
-12.00744	15.13782	-46.446
-12.5052	15.13782	-46.388
-12.25632	15.13782	-46.33
-12.25632	15.53562	-46.271
-12.25632	15.13782	-46.213
-12.5052	15.13782	-46.155
-12.5052	15.53562	-46.095
-12.00744	15.13782	-46.038
-12.5052	15.53562	-45.978
-12.25632	15.53562	-45.919
-12.25632	14.739	-45.862
-12.25632	15.53562	-45.803
-12.25632	15.13782	-45.745
-12.25632	15.13782	-45.687
-12.25632	15.53562	-45.627
-12.25632	15.13782	-45.569
-12.25632	15.53562	-45.51
-12.25632	15.13782	-45.452
-12.25632	15.53562	-45.392
-12.25632	15.13782	-45.334
-12.25632	15.13782	-45.276
-12.25632	15.53562	-45.217
-12.25632	15.13782	-45.159
-12.5052	15.13782	-45.101
-12.25632	15.53562	-45.041
-12.75408	15.13782	-44.983
-12.5052	15.53562	-44.924
-12.75408	15.13782	-44.866
-12.75408	15.13782	-44.808
-12.5052	15.13782	-44.75
-12.75408	15.53562	-44.69
-12.5052	15.13782	-44.632
-12.75408	15.53562	-44.573
-12.5052	15.13782	-44.515
-12.25632	15.53562	-44.456
-12.5052	14.739	-44.399
-12.75408	15.53562	-44.34
-12.5052	15.13782	-44.282
-12.75408	15.53562	-44.222
-12.5052	15.13782	-44.164
-12.75408	15.53562	-44.105
-12.75408	15.13782	-44.047
-13.00296	15.13782	-43.989
-13.00296	15.53562	-43.929
-12.75408	15.53562	-43.87
-12.75408	14.739	-43.813
-12.75408	15.53562	-43.754
-12.5052	15.13782	-43.696
-13.00296	15.53562	-43.636
-12.75408	15.13782	-43.578
-13.00296	15.53562	-43.519
-12.75408	15.13782	-43.461
-13.00296	15.13782	-43.403
-13.25286	15.13782	-43.345
-12.75408	15.53562	-43.285
-12.75408	15.53562	-43.226
-13.25286	15.13782	-43.168
-13.00296	15.13782	-43.11
-13.00296	15.53562	-43.05
-13.00296	15.13782	-42.993
-13.25286	15.13782	-42.935
-13.25286	15.53562	-42.875
-13.50174	15.13782	-42.817
-13.50174	15.13782	-42.759
-13.50174	15.53562	-42.7
-13.75062	15.53562	-42.64
-13.50174	15.13782	-42.582
-13.75062	15.13782	-42.524
-13.9995	15.13782	-42.466
-13.50174	15.53562	-42.407
-13.9995	15.13782	-42.349
-13.75062	15.53562	-42.289
-13.9995	15.13782	-42.231
-13.9995	15.13782	-42.173
-13.9995	15.13782	-42.115
-13.9995	15.53562	-42.056
-13.75062	15.53562	-41.996
-13.50174	14.739	-41.94
-13.50174	15.53562	-41.88
-13.50174	15.13782	-41.822
-13.50174	15.53562	-41.763
-13.25286	15.53562	-41.703
-13.25286	15.13782	-41.645
-13.25286	14.739	-41.589
-13.25286	15.53562	-41.53
-13.25286	15.13782	-41.472
-13.75062	15.53562	-41.412
-13.75062	15.53562	-41.353
-13.50174	15.13782	-41.295
-13.75062	15.13782	-41.237
-13.50174	15.13782	-41.179
-13.50174	15.53562	-41.119
-13.50174	15.13782	-41.061
-13.25286	15.13782	-41.003
-13.25286	15.53562	-40.944
-13.25286	15.53562	-40.884
-13.25286	15.13782	-40.826
-13.25286	15.13782	-40.768
-13.25286	15.13782	-40.71
-13.75062	15.13782	-40.652
-13.50174	15.53562	-40.593
-13.50174	15.13782	-40.535
-13.9995	15.53562	-40.475
-13.75062	15.53562	-40.416
-13.50174	15.13782	-40.358
-13.75062	15.13782	-40.3
-13.50174	15.13782	-40.242
-13.50174	15.53562	-40.182
-13.50174	15.13782	-40.124
-13.75062	15.13782	-40.067
-13.9995	15.53562	-40.007
-13.75062	15.13782	-39.949
-13.9995	15.13782	-39.891
-13.50174	15.53562	-39.832
-13.9995	15.13782	-39.774
-13.75062	15.13782	-39.716
-13.75062	15.53562	-39.656
-13.75062	15.13782	-39.598
-13.75062	15.53562	-39.539
-13.9995	15.13782	-39.481
-13.9995	15.53562	-39.421
-14.49726	15.13782	-39.363
-13.9995	15.53562	-39.304
-13.9995	15.13782	-39.246
-14.49726	15.13782	-39.188
-14.24838	15.13782	-39.13
-13.9995	15.53562	-39.07
-13.9995	15.53562	-39.011
-13.9995	15.13782	-38.953
-14.24838	15.13782	-38.895
-14.24838	15.13782	-38.837
-14.49726	15.13782	-38.779
-14.24838	15.53562	-38.719
-13.9995	15.13782	-38.661
-14.74614	15.53562	-38.602
-14.24838	15.13782	-38.544
-14.24838	15.53562	-38.485
-14.49726	15.13782	-38.427
-13.9995	15.13782	-38.369
-14.24838	15.13782	-38.311
-14.49726	15.53562	-38.251
-14.49726	15.13782	-38.193
-14.24838	15.53562	-38.134
-14.24838	15.53562	-38.074
-14.24838	15.13782	-38.016
-14.24838	15.13782	-37.958
-13.9995	15.13782	-37.9
-14.24838	15.13782	-37.842
-14.24838	15.53562	-37.783
-14.24838	15.13782	-37.725
-14.49726	15.53562	-37.665
-14.24838	15.53562	-37.606
-14.24838	15.13782	-37.548
-14.49726	15.13782	-37.49
-14.74614	15.13782	-37.432
-14.99604	15.53562	-37.372
-14.74614	15.53562	-37.313
-14.74614	15.13782	-37.255
-14.99604	15.13782	-37.197
-14.99604	15.13782	-37.139
-14.99604	15.13782	-37.081
-14.74614	15.53562	-37.022
-15.24492	15.53562	-36.962
-14.74614	15.13782	-36.904
-14.99604	15.13782	-36.846
-14.74614	15.13782	-36.788
-15.4938	15.53562	-36.729
-15.24492	15.13782	-36.671
-15.24492	15.53562	-36.611
-15.24492	15.53562	-36.552
-15.24492	14.739	-36.495
-15.4938	15.53562	-36.436
-14.74614	15.53562	-36.376
-14.74614	14.739	-36.32
-14.74614	15.53562	-36.26
-14.99604	15.13782	-36.202
-14.99604	15.53562	-36.143
-14.99604	15.13782	-36.085
-15.24492	15.53562	-36.025
-15.24492	15.13782	-35.967
-15.24492	15.13782	-35.909
-14.99604	15.13782	-35.851
-15.24492	15.53562	-35.792
-14.74614	15.13782	-35.734
-14.99604	15.53562	-35.674
-14.49726	15.13782	-35.616
-14.74614	15.53562	-35.557
-14.49726	15.13782	-35.499
-14.74614	15.13782	-35.441
-14.49726	15.13782	-35.383
-14.99604	15.53562	-35.324
-14.99604	15.53562	-35.264
-14.99604	14.739	-35.208
-14.99604	15.53562	-35.148
-14.99604	15.13782	-35.09
-14.49726	15.53562	-35.031
-14.49726	15.13782	-34.973
-14.99604	15.13782	-34.915
-14.99604	15.53562	-34.855
-14.99604	15.13782	-34.797
-15.24492	15.53562	-34.738
-14.99604	15.13782	-34.68
-14.74614	15.13782	-34.622
-14.74614	15.53562	-34.562
-14.74614	15.13782	-34.504
-14.99604	15.13782	-34.446
-15.24492	15.53562	-34.387
-15.24492	15.13782	-34.329
-15.4938	15.53562	-34.269
-14.99604	15.13782	-34.211
-14.99604	15.13782	-34.153
-14.99604	15.13782	-34.095
-14.99604	15.53562	-34.036
-15.4938	15.13782	-33.978
-15.4938	15.53562	-33.919
-15.4938	15.13782	-33.861
-15.4938	15.13782	-33.803
-15.24492	15.53562	-33.743
-15.24492	15.13782	-33.685
-14.99604	15.13782	-33.627
-15.4938	15.53562	-33.568
-15.4938	15.13782	-33.51
-15.4938	15.53562	-33.45
-15.24492	15.13782	-33.392
-15.24492	15.13782	-33.334
-15.24492	15.53562	-33.275
-14.99604	15.13782	-33.217
-14.99604	15.13782	-33.159
-15.4938	15.53562	-33.099
-15.4938	15.13782	-33.041
-14.99604	15.53562	-32.982
-15.4938	15.53562	-32.922
-15.4938	15.13782	-32.864
-14.99604	15.13782	-32.806
-15.24492	15.13782	-32.748
-14.99604	15.53562	-32.689
-14.99604	15.13782	-32.631
-15.4938	15.13782	-32.573
-15.24492	15.53562	-32.514
-15.24492	15.13782	-32.456
-15.24492	15.13782	-32.398
-15.24492	15.53562	-32.338
-15.24492	15.13782	-32.28
-15.4938	15.13782	-32.222
-15.4938	15.13782	-32.164
-14.99604	15.53562	-32.105
-15.4938	15.13782	-32.047
-15.24492	15.53562	-31.987
-15.24492	15.53562	-31.928
-15.74268	15.13782	-31.87
-15.4938	15.13782	-31.812
-15.4938	15.13782	-31.754
-15.4938	15.53562	-31.694
-15.24492	14.739	-31.638
-15.4938	15.53562	-31.578
-15.4938	15.53562	-31.519
-15.4938	15.53562	-31.459
-15.74268	15.13782	-31.401
-15.4938	15.53562	-31.342
-15.99156	14.739	-31.285
-15.99156	15.53562	-31.226
-15.74268	15.13782	-31.168
-15.99156	15.53562	-31.108
-15.99156	15.13782	-31.05
-15.74268	15.53562	-30.991
-15.74268	15.13782	-30.933
-15.74268	15.13782	-30.875
-15.74268	15.53562	-30.816
-15.74268	15.13782	-30.758
-16.24044	15.13782	-30.7
-16.24044	15.53562	-30.64
-16.48932	15.13782	-30.582
-16.24044	15.53562	-30.523
-16.48932	15.13782	-30.465
-16.48932	15.53562	-30.405
-16.24044	15.13782	-30.347
-16.24044	15.13782	-30.289
-16.24044	15.13782	-30.231
-15.99156	15.53562	-30.172
-15.99156	15.13782	-30.114
-16.24044	15.53562	-30.054
-15.99156	15.13782	-29.996
-15.99156	15.13782	-29.938
-15.99156	15.53562	-29.879
-15.74268	15.13782	-29.821
-16.24044	15.13782	-29.763
-15.74268	15.53562	-29.703
-15.74268	15.13782	-29.645
-15.74268	15.53562	-29.586
-15.74268	15.13782	-29.528
-15.74268	15.13782	-29.47
-15.99156	15.53562	-29.411
-15.99156	15.13782	-29.353
-15.99156	15.13782	-29.295
-15.99156	15.53562	-29.235
-15.4938	15.13782	-29.177
-15.74268	15.53562	-29.118
-15.4938	15.13782	-29.06
-15.74268	15.13782	-29.002
-15.99156	15.13782	-28.944
-15.74268	15.53562	-28.884
-15.4938	15.13782	-28.826
-15.4938	15.53562	-28.767
-15.4938	15.13782	-28.709
-15.4938	15.13782	-28.651
-15.99156	15.53562	-28.591
-15.99156	15.13782	-28.533
-15.74268	15.13782	-28.475
-15.74268	15.53562	-28.416
-15.74268	15.13782	-28.358
-15.74268	15.53562	-28.298
-16.48932	15.13782	-28.24
-16.48932	15.13782	-28.182
-16.48932	15.53562	-28.123
-15.99156	15.13782	-28.065
-15.99156	15.53562	-28.005
-16.73922	15.13782	-27.948
-16.48932	15.13782	-27.89
-16.24044	15.13782	-27.832
-16.73922	15.53562	-27.772
-16.24044	15.13782	-27.714
-16.24044	15.53562	-27.655
-16.48932	15.13782	-27.597
-16.73922	15.13782	-27.539
-16.9881	15.53562	-27.479
-16.9881	15.13782	-27.421
-16.9881	15.53562	-27.362
-16.48932	15.13782	-27.304
-16.48932	15.13782	-27.246
-16.48932	15.53562	-27.186
-16.73922	15.13782	-27.128
-16.73922	15.53562	-27.069
-16.73922	15.13782	-27.011
-16.9881	15.13782	-26.953
-16.48932	15.53562	-26.893
-16.48932	15.13782	-26.835
-16.48932	15.13782	-26.777
-16.48932	15.53562	-26.718
-16.73922	15.13782	-26.66
-16.48932	15.13782	-26.602
-16.48932	15.13782	-26.544
-16.48932	15.53562	-26.485
-16.9881	15.53562	-26.425
-16.9881	15.13782	-26.367
-16.73922	15.53562	-26.308
-16.73922	14.739	-26.251
-16.73922	15.13782	-26.193
-16.48932	15.53562	-26.134
-16.48932	15.53562	-26.074
-16.48932	15.13782	-26.016
-16.73922	15.53562	-25.957
-16.73922	15.13782	-25.899
-16.73922	15.13782	-25.841
-16.73922	15.53562	-25.781
-16.48932	15.13782	-25.723
-16.48932	15.13782	-25.665
-16.73922	15.53562	-25.606
-16.48932	15.13782	-25.548
-16.73922	15.53562	-25.488
-16.9881	15.13782	-25.43
-16.73922	15.13782	-25.372
-16.73922	15.53562	-25.313
-16.73922	15.13782	-25.255
-17.23698	15.53562	-25.195
-16.9881	15.13782	-25.137
-16.9881	15.13782	-25.079
-16.9881	15.13782	-25.022
-17.48586	15.53562	-24.962
-17.48586	15.53562	-24.903
-17.48586	15.13782	-24.845
-17.48586	15.53562	-24.785
-17.73474	14.739	-24.729
-17.48586	15.13782	-24.671
-17.73474	15.53562	-24.611
-17.73474	15.53562	-24.552
-17.73474	15.13782	-24.494
-17.23698	15.13782	-24.436
-17.23698	15.53562	-24.376
-17.23698	15.13782	-24.318
-17.23698	15.53562	-24.259
-17.23698	15.13782	-24.201
-17.73474	15.13782	-24.143
-17.23698	15.13782	-24.085
-16.9881	15.53562	-24.025
-16.9881	15.53562	-23.966
-16.9881	15.13782	-23.908
-17.48586	15.13782	-23.85
-17.48586	15.13782	-23.792
-17.23698	15.53562	-23.732
-17.23698	15.13782	-23.674
-16.73922	15.53562	-23.615
-16.73922	15.13782	-23.557
-16.73922	15.13782	-23.499
-16.9881	15.53562	-23.44
-17.23698	15.13782	-23.382
-16.9881	15.53562	-23.322
-16.73922	15.13782	-23.264
-16.73922	15.13782	-23.206
-17.23698	15.13782	-23.148
-16.9881	15.53562	-23.089
-16.9881	15.13782	-23.031
-16.73922	15.53562	-22.971
-16.48932	15.13782	-22.913
-16.9881	15.13782	-22.855
-16.9881	15.53562	-22.796
-16.9881	15.13782	-22.738
-16.48932	15.53562	-22.678
-16.48932	15.13782	-22.62
-16.48932	15.13782	-22.562
-16.9881	15.13782	-22.504
-16.9881	15.53562	-22.445
-16.48932	15.13782	-22.387
-16.73922	15.53562	-22.327
-16.73922	15.13782	-22.269
-17.23698	15.13782	-22.211
-16.73922	15.53562	-22.152
-16.9881	15.13782	-22.094
-17.48586	15.13782	-22.036
-17.23698	15.53562	-21.977
-16.9881	15.13782	-21.919
-16.9881	15.13782	-21.861
-16.9881	15.13782	-21.803
-17.48586	15.53562	-21.743
-17.48586	15.13782	-21.685
-17.48586	15.53562	-21.626
-16.9881	15.53562	-21.566
-16.9881	15.13782	-21.508
-16.9881	15.13782	-21.45
-17.48586	15.13782	-21.392
-17.48586	15.53562	-21.333
-17.48586	15.13782	-21.275
-17.48586	15.53562	-21.215
-16.9881	15.13782	-21.157
-16.9881	15.53562	-21.098
-16.9881	14.739	-21.041
-17.48586	15.53562	-20.982
-17.48586	15.53562	-20.922
-16.73922	15.13782	-20.864
-16.73922	15.13782	-20.806
-16.9881	15.53562	-20.747
-16.9881	15.13782	-20.689
-16.9881	15.53562	-20.629
-16.9881	15.13782	-20.571
-16.48932	15.13782	-20.514
-16.48932	15.53562	-20.454
-16.9881	14.739	-20.398
-16.73922	15.53562	-20.338
-16.9881	15.53562	-20.279
-16.73922	15.13782	-20.221
-16.24044	15.53562	-20.161
-16.24044	14.739	-20.105
-16.73922	15.53562	-20.045
-16.73922	15.13782	-19.987
-16.73922	15.53562	-19.928
-16.24044	15.53562	-19.868
-16.48932	15.13782	-19.81
-16.48932	15.13782	-19.752
-16.24044	15.53562	-19.693
-16.24044	15.13782	-19.635
-16.48932	15.13782	-19.577
-16.24044	15.53562	-19.517
-16.24044	15.13782	-19.459
-16.48932	15.13782	-19.401
-16.73922	15.53562	-19.342
-16.73922	15.13782	-19.284
-16.24044	15.53562	-19.224
-16.24044	15.13782	-19.166
-16.73922	15.13782	-19.108
-16.48932	15.53562	-19.049
-16.73922	15.13782	-18.991
-16.73922	15.53562	-18.932
-16.9881	15.13782	-18.874
-16.73922	15.53562	-18.814
-16.9881	15.13782	-18.756
-16.73922	15.13782	-18.698
-16.73922	15.53562	-18.639
-16.73922	15.13782	-18.581
-16.9881	15.13782	-18.523
-16.9881	15.13782	-18.465
-16.73922	15.53562	-18.405
-16.73922	15.13782	-18.347
-16.9881	15.53562	-18.288
-16.73922	15.13782	-18.23
-17.23698	15.13782	-18.172
-16.9881	15.13782	-18.114
-16.73922	15.53562	-18.054
-17.23698	15.13782	-17.996
-16.73922	15.53562	-17.937
-16.9881	15.53562	-17.877
-16.9881	15.13782	-17.819
-16.73922	15.13782	-17.761
-16.9881	15.13782	-17.703
-16.48932	15.53562	-17.644
-16.48932	15.13782	-17.586
-16.9881	15.53562	-17.526
-16.9881	15.13782	-17.468
-16.73922	15.13782	-17.411
-16.48932	15.53562	-17.351
-16.48932	15.13782	-17.293
-16.48932	15.13782	-17.235
-16.73922	15.53562	-17.176
-16.9881	15.13782	-17.118
-16.48932	15.13782	-17.06
-16.73922	15.53562	-17
-16.9881	15.13782	-16.942
-16.9881	15.53562	-16.883
-16.48932	15.13782	-16.825
-16.48932	15.13782	-16.767
-16.73922	15.13782	-16.709
-16.9881	15.13782	-16.651
-17.23698	15.53562	-16.591
-16.9881	15.53562	-16.532
-16.73922	15.13782	-16.474
-16.73922	15.53562	-16.414
-17.23698	15.13782	-16.356
-16.73922	15.13782	-16.298
-16.9881	15.13782	-16.24
-16.9881	15.13782	-16.182
-17.48586	15.53562	-16.123
-17.48586	15.53562	-16.063
-17.73474	15.13782	-16.005
-17.23698	15.53562	-15.946
-17.48586	15.13782	-15.888
-17.73474	15.13782	-15.83
-17.73474	15.13782	-15.772
-17.48586	15.53562	-15.713
-18.2325	15.13782	-15.655
-18.2325	15.13782	-15.597
-18.2325	15.53562	-15.537
-18.2325	15.53562	-15.478
-17.73474	15.13782	-15.42
-18.2325	15.13782	-15.362
-18.2325	15.13782	-15.304
-18.4824	15.13782	-15.246
-17.98362	15.53562	-15.186
-17.98362	15.53562	-15.127
-17.98362	15.13782	-15.069
-17.73474	15.53562	-15.009
-17.73474	15.13782	-14.951
-17.98362	15.13782	-14.893
-18.2325	15.53562	-14.834
-18.2325	15.13782	-14.776
-17.98362	15.53562	-14.716
-17.73474	15.13782	-14.658
-17.98362	15.13782	-14.6
-18.2325	15.13782	-14.542
-18.2325	15.53562	-14.483
-17.73474	15.13782	-14.425
-17.73474	15.53562	-14.366
-17.73474	14.739	-14.309
-18.2325	15.53562	-14.25
-17.98362	15.13782	-14.192
-17.98362	15.53562	-14.132
-17.73474	15.53562	-14.073
-17.48586	15.13782	-14.015
-17.73474	15.13782	-13.957
-17.73474	15.13782	-13.899
-17.98362	15.53562	-13.839
-17.48586	15.13782	-13.781
-17.48586	15.53562	-13.722
-17.73474	15.13782	-13.664
-17.98362	15.13782	-13.606
-17.98362	15.53562	-13.546
-17.73474	15.13782	-13.488
-17.48586	15.53562	-13.429
-17.73474	15.13782	-13.371
-17.73474	15.13782	-13.313
-18.2325	15.53562	-13.253
-17.98362	15.13782	-13.195
-17.73474	15.13782	-13.137
-18.2325	15.53562	-13.078
-17.98362	15.53562	-13.018
-18.2325	15.13782	-12.96
-17.98362	15.13782	-12.903
-18.2325	15.13782	-12.845
-17.98362	15.13782	-12.787
-18.4824	15.53562	-12.727
-18.2325	15.53562	-12.668
-17.98362	15.13782	-12.61
-17.73474	15.13782	-12.552
-17.73474	15.53562	-12.492
-17.98362	15.13782	-12.434
-18.2325	15.13782	-12.376
-18.2325	15.53562	-12.317
-17.98362	15.13782	-12.259
-17.98362	15.53562	-12.199
-17.98362	15.13782	-12.141
-18.4824	15.13782	-12.083
-18.2325	15.53562	-12.024
-18.4824	15.13782	-11.966
-17.98362	15.13782	-11.908
-17.98362	15.53562	-11.848
-17.73474	15.13782	-11.79
-18.2325	15.53562	-11.731
-18.2325	15.13782	-11.673
-17.98362	15.13782	-11.615
-17.73474	15.13782	-11.557
-17.73474	15.53562	-11.497
-17.73474	15.13782	-11.44
-17.73474	15.53562	-11.38
-17.98362	15.13782	-11.322
-17.98362	15.53562	-11.263
-17.98362	15.13782	-11.205
-18.2325	15.13782	-11.147
-18.2325	15.53562	-11.087
-17.98362	14.739	-11.031
-18.4824	15.53562	-10.971
-17.98362	15.13782	-10.913
-17.98362	15.53562	-10.854
-18.4824	15.13782	-10.796
-17.98362	15.13782	-10.738
-18.4824	15.53562	-10.678
-17.98362	15.13782	-10.62
-18.2325	15.13782	-10.562
-18.73128	15.53562	-10.503
-18.73128	15.53562	-10.443
-18.73128	15.13782	-10.385
-18.4824	15.13782	-10.327
-18.4824	15.13782	-10.269
-18.98016	15.53562	-10.21
-18.4824	15.13782	-10.152
-18.98016	15.13782	-10.094
-18.98016	15.53562	-10.034
-18.98016	15.53562	-9.975
-18.4824	15.13782	-9.917
-18.4824	15.13782	-9.859
-18.73128	15.13782	-9.801
-18.98016	15.13782	-9.743
-18.98016	15.53562	-9.684
-18.73128	15.13782	-9.626
-19.22904	15.53562	-9.566
-18.98016	15.53562	-9.507
-19.47792	14.739	-9.45
-19.47792	15.53562	-9.391
-19.22904	15.13782	-9.333
-18.98016	15.53562	-9.273
-18.98016	15.13782	-9.215
-20.47446	15.13782	-9.157
-19.47792	15.13782	-9.099
-19.47792	15.53562	-9.04
-18.98016	15.53562	-8.98
-19.47792	15.53562	-8.921
-19.47792	14.739	-8.864
-18.98016	15.53562	-8.805
-19.22904	15.13782	-8.747
-19.47792	15.13782	-8.689
-18.98016	15.53562	-8.629
-18.98016	15.53562	-8.57
-18.98016	15.13782	-8.512
-19.47792	15.13782	-8.454
-19.47792	15.13782	-8.396
-19.22904	15.53562	-8.337
-18.98016	15.13782	-8.279
-19.22904	15.13782	-8.221
-19.47792	15.53562	-8.161
-18.98016	15.13782	-8.103
-19.22904	15.53562	-8.044
-18.98016	15.13782	-7.986
-19.22904	15.53562	-7.926
-18.73128	15.13782	-7.868
-18.73128	15.13782	-7.81
-17.98362	15.13782	-7.752
-17.23698	15.53562	-7.693
-16.9881	15.13782	-7.635
-16.73922	15.53562	-7.575
-16.73922	14.34018	-7.52
-16.73922	13.94238	-7.467
-16.24044	12.34914	-7.42
-15.74268	10.35708	-7.38
-15.99156	9.16164	-7.345
-15.4938	8.36502	-7.313
-15.74268	7.96722	-7.282
-15.4938	7.5684	-7.253
-15.4938	6.77178	-7.227
-15.4938	6.37398	-7.203
-15.74268	5.17854	-7.183
-15.4938	4.38192	-7.166
-15.74268	3.9831	-7.151
-15.74268	3.5853	-7.137
-15.4938	3.5853	-7.124
-16.24044	3.5853	-7.11
-15.99156	2.78868	-7.099
-15.99156	2.38986	-7.09
-16.24044	2.38986	-7.081
-16.48932	1.99206	-7.073
-16.48932	1.99206	-7.066
-16.48932	1.99206	-7.058
-16.9881	1.19544	-7.054
-16.9881	1.19544	-7.049
-16.9881	1.59324	-7.043
-16.9881	0.79662	-7.04
-16.9881	1.19544	-7.035
-17.48586	0.79662	-7.032
-17.48586	0.79662	-7.029
-17.23698	0.79662	-7.026
-17.23698	0.79662	-7.023
-17.48586	0.39882	-7.022
-17.48586	0	-7.022
-17.23698	0	-7.022
-17.48586	0	-7.022
-17.48586	0	-7.022
-17.23698	0	-7.022
-16.9881	0	-7.022
-17.23698	0	-7.022
-17.48586	0	-7.022
-17.48586	0	-7.022
-17.23698	0	-7.022
-17.73474	0	-7.022
-18.2325	0	-7.022
-18.2325	0	-7.022
-18.73128	0	-7.022
-19.7268	0	-7.022
-20.72334	0	-7.022
-21.46998	0	-7.022
-22.46652	0	-7.022
-24.2097	0	-7.022
-26.20176	0	-7.022
-28.19382	0	-7.022
-30.68364	0	-7.022
-33.67224	0	-7.022
-36.66084	0	-7.022
-40.64496	0	-7.022
-44.13132	0	-7.022
-48.36432	0	-7.022
-51.85068	0	-7.022
-55.58592	-0.39882	-7.023
-58.57452	0	-7.023
-61.06536	0	-7.023
-63.3063	0	-7.023
-64.8006	-0.39882	-7.025
-66.79266	-0.39882	-7.026
-67.78818	0	-7.026
-69.53136	0	-7.026
-70.5279	0	-7.026
-72.51996	0	-7.026
-73.76538	0	-7.026
-75.75744	0	-7.026
-78.24726	0	-7.026
-79.99044	0	-7.026
-82.97904	0	-7.026
-85.21998	0	-7.026
-88.20858	0	-7.026
-90.94728	-0.39882	-7.028
-93.687	0	-7.028
-96.6756	0	-7.028
-99.4143	0	-7.028
-101.65524	0	-7.028
-104.14608	0	-7.028
-106.38702	-0.39882	-7.029
-107.63244	0	-7.029
-109.37562	0	-7.029
-111.1188	-0.39882	-7.031
-112.36422	0	-7.031
-113.35974	0	-7.031
-114.85404	0	-7.031
-115.3518	0	-7.031
-116.34834	0	-7.031
-115.85058	0	-7.031
-114.85404	-0.39882	-7.032
-114.1074	0	-7.032
-113.11086	0	-7.032
-111.86544	0	-7.032
-110.62104	-1.19544	-7.037
-108.87786	-3.5853	-7.05
-107.63244	-8.36502	-7.083
-105.64038	-13.54356	-7.134
-103.64832	-18.3243	-7.205
-102.4029	-22.70622	-7.292
-101.65524	-27.48594	-7.397
-101.15748	-33.0633	-7.523
-100.9086	-39.03846	-7.673
-99.91308	-46.20906	-7.85
-99.16542	-53.77746	-8.056
-98.66766	-61.34586	-8.291
-98.1699	-68.51646	-8.553
-97.17336	-75.28824	-8.841
-95.92794	-82.85766	-9.159
-94.93242	-90.82386	-9.507
-93.687	-99.1899	-9.886
-92.1927	-107.55492	-10.298
-90.44952	-116.71758	-10.745
-89.2041	-124.28598	-11.221
-87.9597	-133.04982	-11.731
-86.4654	-142.61028	-12.277
-84.47334	-148.58544	-12.846
-82.73016	-159.34134	-13.456
-80.98698	-168.50298	-14.102
-79.74156	-177.26682	-14.78
-78.99492	-186.42846	-15.494
-78.49614	-195.59112	-16.243
-77.7495	-204.35496	-17.026
-77.25174	-213.5166	-17.844
-77.00286	-223.07706	-18.698
-77.7495	-233.83296	-19.594
-78.24726	-237.41826	-20.503
-79.2438	-246.1821	-21.446
-79.2438	-252.15726	-22.411
-79.74156	-256.93698	-23.395
-80.23932	-261.71772	-24.398
-80.7381	-265.70082	-25.415
-81.73362	-271.27818	-26.454
-81.73362	-270.87936	-27.491
-80.7381	-276.45672	-28.55
-79.49268	-279.6432	-29.621
-78.99492	-282.8307	-30.704
-78.49614	-284.42394	-31.793
-77.99838	-285.61836	-32.887
-76.50408	-287.61042	-33.989
-75.50856	-289.60248	-35.098
-74.26314	-291.59352	-36.214
-73.76538	-293.18778	-37.337
-73.2666	-294.3822	-38.465
-73.2666	-295.17882	-39.595
-72.27108	-295.57764	-40.727
-71.52342	-296.77206	-41.864
-71.77332	-298.36632	-43.006
-72.27108	-299.16294	-44.152
-72.27108	-299.16294	-45.298
-72.27108	-300.35736	-46.448
-72.76884	-300.75618	-47.6
-73.01772	-301.15398	-48.753
-74.7609	-301.5528	-49.908
-75.50856	-301.5528	-51.063
-76.50408	-301.95162	-52.219
-76.75296	-301.15398	-53.372
-77.25174	-299.95956	-54.521
-78.74604	-297.9675	-55.662
-79.49268	-295.17882	-56.793
-79.99044	-291.19572	-57.908
-80.23932	-289.60248	-59.017
-80.23932	-286.41498	-60.114
-79.74156	-283.62732	-61.2
-80.48922	-280.04202	-62.272
-80.7381	-274.46466	-63.324
-79.99044	-270.87936	-64.361
-79.74156	-266.89626	-65.383
-79.2438	-263.31096	-66.391
-78.99492	-258.53022	-67.382
-78.74604	-252.95388	-68.35
-79.49268	-248.57196	-69.302
-79.49268	-244.58886	-70.239
-78.99492	-239.4093	-71.156
-78.74604	-234.62958	-72.054
-78.99492	-229.05222	-72.932
-79.49268	-223.47588	-73.787
-79.49268	-219.09396	-74.626
-78.99492	-213.1188	-75.443
-79.49268	-207.94026	-76.239
-79.49268	-203.15952	-77.017
-79.2438	-197.98098	-77.775
-78.49614	-192.40464	-78.512
-78.99492	-186.82728	-79.227
-78.24726	-180.85212	-79.92
-77.99838	-175.27476	-80.591
-78.24726	-170.09622	-81.243
-77.50062	-164.51988	-81.873
-77.50062	-159.73914	-82.485
-77.25174	-153.76398	-83.073
-76.75296	-148.18662	-83.641
-76.50408	-142.21146	-84.186
-76.75296	-136.2363	-84.707
-76.75296	-131.05776	-85.209
-76.50408	-125.48142	-85.69
-75.75744	-119.90406	-86.149
-75.25968	-113.9289	-86.585
-75.00978	-108.75036	-87.002
-75.00978	-102.7752	-87.395
-74.7609	-96.80004	-87.766
-74.26314	-91.6215	-88.117
-73.01772	-85.64532	-88.445
-71.27454	-80.06898	-88.751
-69.78024	-74.89044	-89.038
-68.78472	-68.51646	-89.301
-67.78818	-62.5413	-89.54
-65.54724	-57.36276	-89.76
-63.55518	-52.18422	-89.96
-62.06088	-49.39554	-90.149
-59.57106	-44.61582	-90.32
-57.82788	-40.2339	-90.474
-56.33358	-35.45316	-90.61
-54.83928	-30.67344	-90.727
-52.84722	-28.28256	-90.835
-51.35292	-25.4949	-90.933
-49.11198	-24.29946	-91.026
-47.3688	-21.9096	-91.11
-45.37674	-19.51974	-91.185
-42.8859	-17.12886	-91.25
-40.64496	-15.13782	-91.308
-37.65636	-13.54356	-91.36
-34.66878	-12.74694	-91.409
-32.17794	-11.55252	-91.453
-28.94046	-10.35708	-91.493
-25.704	-9.56046	-91.53
-22.96428	-7.96722	-91.56
-19.22904	-7.5684	-91.589
-15.99156	-6.77178	-91.615
-12.25632	-5.97516	-91.638
-7.77342	-5.57736	-91.659
-2.79378	-4.77972	-91.677
1.68912	-4.77972	-91.696
8.41296	-3.9831	-91.711
16.63008	-3.5853	-91.725
26.5914	-2.38986	-91.734
37.05048	-2.38986	-91.743
46.01526	-3.18648	-91.755
54.48228	-1.19544	-91.76
60.95622	1.19544	-91.755
67.43118	2.38986	-91.746
71.91408	2.38986	-91.737
75.8982	0.79662	-91.734
80.38008	-0.39882	-91.735
83.61756	-0.79662	-91.739
87.3528	0	-91.739
89.59476	0.39882	-91.737
91.8357	0	-91.737
93.33	0	-91.737
94.07664	0	-91.737
93.82776	0	-91.737
94.07664	0	-91.737
94.5744	0.79662	-91.734
94.5744	2.38986	-91.725
94.82328	5.57736	-91.703
94.5744	10.35708	-91.664
94.5744	15.53562	-91.604
94.32552	21.11298	-91.523
94.07664	25.09608	-91.427
93.33	30.27462	-91.311
93.57888	35.85198	-91.174
93.57888	43.02156	-91.009
93.33	50.19216	-90.817
94.07664	57.36276	-90.597
94.5744	64.53336	-90.35
94.5744	71.70294	-90.076
95.32206	78.87354	-89.774
95.81982	86.84076	-89.441
96.31758	95.20578	-89.076
96.56646	103.96962	-88.678
97.31412	111.93684	-88.25
98.80842	120.30288	-87.789
99.55506	129.0657	-87.295
100.80048	137.03292	-86.77
102.0459	145.79676	-86.211
102.79254	155.35722	-85.616
103.53918	163.72326	-84.989
103.2903	173.28372	-84.326
103.2903	182.04756	-83.629
103.2903	191.2092	-82.896
104.28684	200.37084	-82.129
105.28236	209.13468	-81.328
106.77666	218.29734	-80.492
107.52432	227.45898	-79.621
108.76872	235.4262	-78.719
109.2675	243.39342	-77.787
109.51638	249.7674	-76.831
111.50844	253.7505	-75.859
113.5005	258.53022	-74.869
114.24714	263.31096	-73.861
115.74144	269.28612	-72.829
116.24022	270.08274	-71.795
116.73798	275.26128	-70.741
117.9834	278.44878	-69.674
118.73004	280.83864	-68.599
118.97892	283.2285	-67.514
119.47668	284.42394	-66.425
119.2278	286.8138	-65.327
118.48116	289.20366	-64.219
118.23228	291.19572	-63.104
117.23574	292.78896	-61.983
117.48462	295.97544	-60.849
116.4891	290.7969	-59.735
115.74144	295.57764	-58.604
115.24368	297.17088	-57.465
113.5005	298.36632	-56.323
112.75386	298.76412	-55.179
112.0062	298.76412	-54.034
112.0062	298.36632	-52.892
112.0062	300.35736	-51.742
112.0062	301.5528	-50.587
111.25956	301.95162	-49.43
111.75732	301.95162	-48.274
111.75732	301.5528	-47.119
112.25508	300.75618	-45.967
112.25508	300.35736	-44.817
112.25508	300.35736	-43.667
112.25508	294.3822	-42.539
111.75732	293.9844	-41.414
111.25956	291.59352	-40.297
111.01068	287.61042	-39.195
110.01414	285.22056	-38.103
109.0176	280.83864	-37.028
108.02208	276.85452	-35.967
105.53226	272.87142	-34.922
104.53572	269.28612	-33.891
103.53918	265.30302	-32.875
101.29824	260.9211	-31.876
100.05282	255.74256	-30.896
98.30964	250.56402	-29.937
97.06524	246.5799	-28.993
95.57094	241.80018	-28.067
94.5744	237.01944	-27.159
94.07664	231.8409	-26.271
93.57888	225.86574	-25.406
92.08458	221.08602	-24.559
91.08804	216.30528	-23.731
89.84364	210.33012	-22.925
89.09598	205.9482	-22.137
88.10046	200.76966	-21.368
87.60168	195.1923	-20.62
86.85504	189.21714	-19.896
85.60962	183.24198	-19.194
84.6141	178.06344	-18.512
83.61756	172.8849	-17.85
83.1198	168.10518	-17.206
81.6255	162.129	-16.585
80.38008	156.15384	-15.987
79.88232	150.9753	-15.409
78.38802	145.00014	-14.854
77.64138	139.4238	-14.32
77.3925	133.84644	-13.807
76.14708	128.26908	-13.316
75.64932	122.29392	-12.848
74.65278	116.71758	-12.401
73.40736	111.53904	-11.973
71.66418	105.56388	-11.569
70.66866	99.98652	-11.186
68.17782	94.40916	-10.825
66.18576	88.434	-10.486
62.94828	82.85766	-10.169
58.96416	76.8825	-9.874
55.22892	71.30514	-9.601
51.99144	65.72778	-9.35
48.00732	60.15144	-9.119
43.27554	54.9729	-8.909
38.79366	49.79436	-8.718
33.56412	47.00568	-8.538
29.3301	42.62376	-8.375
24.35046	37.44522	-8.231
19.61868	33.4611	-8.103
15.13578	29.0802	-7.992
10.15614	26.68932	-7.89
5.17548	24.29946	-7.796
0.19482	22.70622	-7.71
-4.53696	20.71416	-7.63
-9.5166	18.3243	-7.56
-14.74614	16.33224	-7.497
-20.72334	13.94238	-7.444
-27.19728	12.74694	-7.395
-33.42336	11.95032	-7.35
-40.64496	10.7559	-7.308
-48.36432	9.95928	-7.27
-56.0847	9.16164	-7.235
-63.05742	7.5684	-7.206
-70.03014	6.77178	-7.18
-76.00632	5.97516	-7.157
-80.48922	5.17854	-7.137
-83.72568	5.57736	-7.116
-85.46886	4.38192	-7.099
-85.96764	3.9831	-7.084
-85.46886	3.18648	-7.072
-85.46886	3.5853	-7.058
-85.21998	2.78868	-7.047
-84.22446	3.5853	-7.034
-83.97558	2.38986	-7.025
-83.97558	-0.39882	-7.026
-85.96764	-1.19544	-7.031
-87.9597	-1.19544	-7.035
-90.44952	0.39882	-7.034
-93.43812	0.39882	-7.032
-97.17336	0	-7.032
-101.90514	0	-7.032
-105.88926	0	-7.032
-109.37562	0	-7.032
-112.11432	0	-7.032
-113.60862	0	-7.032
-113.8575	-0.39882	-7.034
-114.1074	-0.39882	-7.035
-112.86198	-0.79662	-7.038
-110.86992	-2.38986	-7.047
-107.88132	-5.97516	-7.07
-104.39496	-10.35708	-7.11
-101.65524	-15.93444	-7.171
-98.91654	-20.31636	-7.249
-96.6756	-25.09608	-7.345
-94.93242	-29.87682	-7.459
-93.687	-35.45316	-7.595
-92.94036	-42.62376	-7.758
-92.44158	-49.79436	-7.949
-92.94036	-57.36276	-8.169
-93.687	-64.53336	-8.416
-94.93242	-71.70294	-8.69
-95.1813	-79.67016	-8.996
-96.17682	-86.44296	-9.327
-96.17682	-95.20578	-9.691
-96.42672	-103.57182	-10.088
-95.67906	-112.33566	-10.518
-93.93588	-120.70068	-10.98
-92.69046	-128.6679	-11.473
-91.19718	-137.43174	-11.999
-89.2041	-145.79676	-12.558
-86.21652	-154.5606	-13.15
-83.97558	-163.72326	-13.777
-82.2324	-172.4871	-14.437
-80.98698	-181.64874	-15.133
-80.48922	-190.81038	-15.864
-80.23932	-202.3629	-16.639
-80.23932	-206.34702	-17.429
-79.99044	-218.69514	-18.266
-81.48474	-227.8578	-19.139
-83.4768	-235.82502	-20.042
-85.46886	-243.39342	-20.974
-87.21204	-248.57196	-21.926
-88.70634	-254.54712	-22.901
-89.95176	-259.32786	-23.894
-90.44952	-263.70978	-24.904
-91.44606	-268.09068	-25.931
-92.1927	-271.67598	-26.971
-91.19718	-274.86348	-28.024
-89.454	-277.65114	-29.087
-87.71082	-281.23644	-30.164
-86.4654	-283.2285	-31.249
-85.46886	-285.22056	-32.341
-83.72568	-286.41498	-33.438
-81.48474	-288.40704	-34.542
-79.74156	-290.7969	-35.656
-78.49614	-292.78896	-36.777
-78.49614	-293.58558	-37.902
-77.7495	-294.3822	-39.029
-77.50062	-295.57764	-40.161
-77.25174	-296.37426	-41.296
-77.50062	-297.5697	-42.436
-78.24726	-298.36632	-43.578
-78.99492	-300.75618	-44.73
-78.99492	-297.9675	-45.871
-78.99492	-300.35736	-47.022
-79.49268	-301.5528	-48.176
-80.48922	-301.5528	-49.331
-81.23586	-301.95162	-50.488
-81.48474	-301.5528	-51.642
-81.73362	-300.75618	-52.794
-81.48474	-300.35736	-53.944
-81.48474	-299.56074	-55.092
-81.9825	-297.17088	-56.23
-82.48128	-293.58558	-57.354
-82.2324	-290.3991	-58.466
-81.9825	-287.61042	-59.568
-81.48474	-284.42394	-60.657
-81.73362	-281.63526	-61.735
-81.9825	-277.65114	-62.799
-82.2324	-273.27024	-63.845
-81.48474	-268.88832	-64.875
-81.9825	-264.9042	-65.89
-81.9825	-261.3189	-66.89
-81.73362	-255.34374	-67.868
-82.2324	-250.56402	-68.828
-81.9825	-246.5799	-69.772
-81.9825	-242.19798	-70.7
-81.23586	-237.01944	-71.607
-80.7381	-231.8409	-72.495
-80.48922	-228.2556	-73.369
-79.99044	-219.49176	-74.21
-79.2438	-215.90748	-75.037
-79.49268	-210.33012	-75.842
-78.74604	-205.54938	-76.629
-78.24726	-201.16746	-77.4
-77.99838	-195.1923	-78.147
-77.7495	-189.61596	-78.874
-77.00286	-183.6408	-79.577
-76.50408	-178.06344	-80.259
-76.75296	-172.4871	-80.919
-76.2552	-167.30754	-81.56
-75.25968	-162.129	-82.181
-74.7609	-156.95046	-82.782
-74.51202	-150.9753	-83.36
-74.7609	-145.00014	-83.915
-74.51202	-139.4238	-84.449
-74.51202	-133.44762	-84.96
-74.01426	-129.0657	-85.455
-74.26314	-121.89612	-85.922
-73.76538	-116.71758	-86.369
-73.5165	-111.53904	-86.796
-73.2666	-105.96168	-87.202
-73.5165	-99.98652	-87.584
-73.2666	-94.01136	-87.944
-72.51996	-88.434	-88.283
-71.02566	-82.85766	-88.6
-70.03014	-77.2803	-88.896
-69.0336	-71.70294	-89.171
-68.53584	-66.1266	-89.424
-67.5393	-59.75262	-89.653
-66.045	-54.17628	-89.861
-64.30182	-50.98878	-90.056
-62.55864	-47.00568	-90.236
-61.31424	-42.62376	-90.399
-60.06882	-37.84302	-90.544
-59.32218	-33.0633	-90.671
-58.32564	-29.478	-90.784
-56.58246	-26.68932	-90.886
-55.58592	-25.09608	-90.982
-54.83928	-22.70622	-91.069
-53.59386	-20.71416	-91.148
-52.10058	-18.7221	-91.22
-50.3574	-15.93444	-91.281
-48.8631	-14.34018	-91.336
-47.11992	-13.54356	-91.388
-45.62562	-11.95032	-91.433
-43.38468	-10.7559	-91.475
-40.89384	-9.95928	-91.513
-39.15066	-8.76384	-91.546
-36.90972	-7.96722	-91.577
-34.17	-7.1706	-91.604
-31.4313	-6.37398	-91.629
-27.94494	-5.97516	-91.652
-24.95634	-5.17854	-91.671
-22.21764	-4.77972	-91.69
-18.98016	-4.38192	-91.706
-15.99156	-3.5853	-91.72
-11.50968	-2.78868	-91.731
-6.7779	-3.18648	-91.743
-1.79724	-2.78868	-91.754
4.67772	-2.78868	-91.764
13.3926	0.39882	-91.763
23.35392	1.99206	-91.755
35.3073	1.99206	-91.748
47.75844	0.39882	-91.746
57.71976	-0.39882	-91.748
66.18576	-0.39882	-91.749
72.41184	0	-91.749
77.3925	0.79662	-91.746
80.38008	1.19544	-91.742
82.87092	1.19544	-91.737
83.61756	0.39882	-91.735
84.86298	0	-91.735
85.11186	0.39882	-91.734
86.1084	0.39882	-91.732
86.85504	3.5853	-91.719
87.60168	7.5684	-91.69
88.34934	13.94238	-91.636
89.34486	18.3243	-91.566
89.84364	23.10402	-91.478
89.59476	26.29152	-91.377
88.8471	28.68138	-91.267
87.10392	32.26668	-91.144
87.85158	35.85198	-91.006
86.35728	41.03052	-90.849
86.1084	47.40348	-90.668
85.11186	53.37966	-90.463
85.11186	59.75262	-90.234
84.86298	66.1266	-89.981
85.11186	72.89838	-89.702
86.1084	78.87354	-89.4
86.35728	87.23958	-89.066
86.60616	94.80798	-88.703
86.60616	102.7752	-88.309
87.10392	110.74242	-87.885
87.10392	118.70862	-87.43
86.85504	126.67584	-86.945
88.34934	135.04188	-86.428
89.59476	143.4069	-85.879
90.83916	152.56854	-85.295
91.58682	161.33238	-84.677
92.08458	170.09622	-84.025
93.33	178.46226	-83.342
93.57888	187.6239	-82.623
94.32552	196.78656	-81.87
95.81982	205.54938	-81.083
96.81636	214.71204	-80.26
97.81188	223.47588	-79.404
99.80394	232.23972	-78.515
100.30272	240.60474	-77.594
101.54712	246.97872	-76.648
102.54366	252.95388	-75.679
104.28684	256.93698	-74.695
105.78114	260.9211	-73.696
107.7732	265.70082	-72.678
108.76872	270.08274	-71.644
110.01414	274.06686	-70.594
111.25956	277.25334	-69.533
112.0062	279.2454	-68.463
112.75386	282.43188	-67.382
112.75386	284.02512	-66.294
113.5005	286.01718	-65.198
114.24714	288.40704	-64.094
114.49704	290.3991	-62.982
113.74938	291.99234	-61.864
113.74938	293.18778	-60.741
112.75386	293.9844	-59.615
112.25508	294.78102	-58.486
111.25956	298.36632	-57.343
110.26302	294.78102	-56.214
109.51638	297.9675	-55.073
109.0176	298.76412	-53.929
108.02208	299.56074	-52.782
108.02208	300.75618	-51.63
107.27442	301.15398	-50.477
107.27442	301.5528	-49.322
107.7732	300.75618	-48.17
107.27442	300.75618	-47.018
108.27096	300.75618	-45.867
108.02208	299.95956	-44.718
108.27096	297.5697	-43.578
108.27096	295.17882	-42.448
108.27096	291.59352	-41.331
108.51984	289.20366	-40.224
108.76872	286.01718	-39.128
108.02208	284.02512	-38.041
107.02554	278.84658	-36.973
106.2789	275.26128	-35.919
105.53226	272.0748	-34.877
105.28236	268.09068	-33.85
105.03348	263.70978	-32.84
103.78908	259.72566	-31.845
102.54366	254.94594	-30.869
101.04936	250.56402	-29.909
100.5516	246.1821	-28.967
99.80394	240.20694	-28.047
98.55954	236.22282	-27.142
97.563	231.4431	-26.256
96.81636	226.26456	-25.389
95.07318	220.6872	-24.544
93.82776	215.50866	-23.719
92.83122	210.33012	-22.913
91.33692	205.15158	-22.128
90.09252	201.56628	-21.356
89.09598	193.20126	-20.616
88.34934	189.21714	-19.891
86.85504	183.6408	-19.188
85.60962	178.06344	-18.506
84.11532	172.4871	-17.845
82.37214	167.30754	-17.205
80.62896	162.129	-16.584
78.6369	156.15384	-15.986
77.3925	150.17868	-15.411
75.8982	145.00014	-14.855
74.15502	139.4238	-14.321
71.66418	133.84644	-13.809
69.42324	129.0657	-13.314
66.43464	121.89612	-12.848
64.1937	116.71758	-12.401
61.455	111.14022	-11.975
58.71528	105.16506	-11.572
55.97658	99.5877	-11.191
52.98798	94.40916	-10.829
50.24826	88.434	-10.491
47.26068	82.85766	-10.173
43.27554	77.2803	-9.877
40.28796	70.90632	-9.606
37.05048	65.72778	-9.354
33.56412	59.75262	-9.125
29.3301	54.57408	-8.916
25.0971	49.79436	-8.726
20.61522	45.41244	-8.552
16.3812	42.62376	-8.388
11.89932	38.64066	-8.24
7.91418	33.4611	-8.112
4.17894	29.87682	-7.998
-0.55182	26.68932	-7.896
-4.78584	24.29946	-7.803
-10.01538	21.9096	-7.719
-14.99604	20.71416	-7.639
-20.72334	18.3243	-7.569
-26.45064	16.73106	-7.505
-33.42336	14.34018	-7.45
-40.1472	12.74694	-7.401
-47.11992	11.1537	-7.359
-53.59386	10.7559	-7.317
-59.81994	9.95928	-7.279
-64.8006	9.56046	-7.243
-69.28248	7.5684	-7.214
-73.2666	6.77178	-7.188
-76.2552	5.57736	-7.166
-77.7495	5.17854	-7.147
-79.49268	5.57736	-7.125
-80.23932	4.77972	-7.107
-80.48922	4.38192	-7.09
-80.48922	3.9831	-7.075
-81.23586	3.5853	-7.061
-82.2324	3.18648	-7.049
-82.97904	2.78868	-7.038
-84.72222	2.78868	-7.028
-86.71428	1.19544	-7.023
-88.70634	-1.19544	-7.028
-91.44606	-1.19544	-7.032
-94.43364	-0.39882	-7.034
-98.1699	0.39882	-7.032
-101.65524	0	-7.032
-104.39496	0	-7.032
-107.13468	0	-7.032
-109.37562	0	-7.032
-111.86544	-0.39882	-7.034
-113.60862	0	-7.034
-114.1074	0	-7.034
-115.3518	0	-7.034
-115.3518	-0.39882	-7.035
-114.35628	0	-7.035
-113.11086	0	-7.035
-111.86544	0	-7.035
-110.12226	0	-7.035
-108.37908	0	-7.035
-106.88478	-0.39882	-7.037
-104.64384	-1.99206	-7.044
-103.14954	-5.57736	-7.066
-100.9086	-10.7559	-7.107
-99.16542	-15.93444	-7.168
-97.92	-20.31636	-7.246
-96.6756	-25.4949	-7.343
-96.17682	-29.87682	-7.458
-95.43018	-35.85198	-7.595
-94.68354	-42.62376	-7.758
-93.687	-50.19216	-7.951
-92.69046	-56.96394	-8.169
-92.44158	-64.93116	-8.417
-91.44606	-71.70294	-8.692
-90.6984	-79.27236	-8.996
-89.70288	-86.84076	-9.328
-88.95522	-95.20578	-9.693
-87.9597	-103.173	-10.088
-86.71428	-111.93684	-10.517
-85.21998	-120.30288	-10.977
-83.72568	-129.0657	-11.472
-82.73016	-137.03292	-11.996
-80.98698	-146.19558	-12.556
-79.2438	-154.5606	-13.148
-77.7495	-163.32444	-13.774
-76.00632	-172.8849	-14.436
-75.25968	-181.64874	-15.131
-74.51202	-191.2092	-15.864
-74.01426	-200.37084	-16.631
-73.76538	-208.73688	-17.43
-73.5165	-218.29734	-18.266
-74.01426	-227.06118	-19.136
-74.7609	-236.22282	-20.041
-75.75744	-242.9946	-20.971
-77.00286	-249.36858	-21.926
-77.7495	-254.54712	-22.901
-78.74604	-259.32786	-23.894
-79.49268	-263.31096	-24.903
-80.98698	-267.69288	-25.928
-81.48474	-271.67598	-26.968
-81.23586	-274.86348	-28.021
-79.99044	-278.44878	-29.087
-78.74604	-280.83864	-30.163
-78.49614	-283.2285	-31.247
-77.7495	-284.82174	-32.338
-76.50408	-286.8138	-33.436
-74.7609	-288.80586	-34.542
-73.2666	-290.7969	-35.656
-72.51996	-292.39116	-36.776
-72.27108	-293.9844	-37.902
-71.77332	-294.3822	-39.029
-71.27454	-295.17882	-40.16
-70.27902	-295.97544	-41.293
-70.27902	-297.9675	-42.434
-70.77678	-298.76412	-43.578
-71.27454	-299.16294	-44.724
-71.52342	-299.95956	-45.873
-71.77332	-300.35736	-47.023
-72.0222	-300.75618	-48.175
-73.76538	-301.5528	-49.33
-75.00978	-303.94266	-50.494
-75.50856	-299.16294	-51.639
-76.2552	-301.5528	-52.794
-77.00286	-301.15398	-53.948
-77.25174	-301.5528	-55.102
-79.2438	-293.58558	-56.227
-79.99044	-293.58558	-57.351
-80.23932	-290.7969	-58.465
-79.99044	-288.00924	-59.568
-79.99044	-284.82174	-60.658
-79.99044	-281.63526	-61.737
-79.99044	-277.65114	-62.8
-79.2438	-272.87142	-63.845
-78.99492	-268.88832	-64.875
-78.24726	-264.9042	-65.89
-77.99838	-260.52228	-66.887
-77.25174	-256.14036	-67.868
-77.00286	-250.96182	-68.829
-76.75296	-246.5799	-69.774
-76.00632	-241.80018	-70.7
-76.2552	-238.21488	-71.612
-75.50856	-230.24766	-72.494
-76.00632	-226.26456	-73.36
-76.00632	-221.48382	-74.208
-76.00632	-216.30528	-75.037
-76.2552	-210.72792	-75.844
-76.50408	-205.15158	-76.629
-75.75744	-200.76966	-77.398
-75.50856	-195.1923	-78.146
-75.50856	-189.61596	-78.872
-75.25968	-183.6408	-79.575
-75.50856	-178.46226	-80.259
-75.25968	-172.4871	-80.919
-75.25968	-167.70636	-81.562
-75.00978	-162.92664	-82.186
-74.26314	-155.35722	-82.78
-74.7609	-151.37412	-83.36
-74.51202	-144.60234	-83.914
-74.26314	-139.4238	-84.448
-74.7609	-133.84644	-84.96
-74.51202	-128.6679	-85.453
-74.7609	-123.09054	-85.925
-74.26314	-115.92096	-86.369
-74.26314	-111.53904	-86.796
-75.00978	-105.56388	-87.2
-75.00978	-100.38432	-87.584
-74.51202	-94.40916	-87.946
-74.7609	-88.434	-88.285
-74.7609	-82.45884	-88.6
-74.51202	-77.67912	-88.898
-73.76538	-71.70294	-89.173
-74.01426	-65.72778	-89.424
-73.5165	-60.15144	-89.655
-72.27108	-54.17628	-89.862
-71.02566	-50.59098	-90.056
-69.53136	-47.00568	-90.236
-68.28696	-43.02156	-90.401
-67.04154	-37.84302	-90.546
-65.79612	-33.0633	-90.672
-64.55172	-29.478	-90.785
-63.55518	-26.68932	-90.887
-62.06088	-25.09608	-90.983
-60.56658	-22.70622	-91.07
-60.06882	-20.71416	-91.15
-58.57452	-18.3243	-91.22
-57.08022	-16.33224	-91.282
-56.0847	-14.34018	-91.337
-55.08816	-13.14576	-91.388
-53.34498	-11.95032	-91.433
-51.85068	-11.1537	-91.476
-49.85862	-9.95928	-91.514
-48.36432	-9.16164	-91.549
-46.62114	-7.5684	-91.578
-44.13132	-6.77178	-91.604
-42.38814	-6.77178	-91.63
-39.64842	-5.97516	-91.653
-37.1586	-5.57736	-91.674
-34.17	-4.77972	-91.693
-31.68018	-3.9831	-91.708
-28.69158	-3.5853	-91.722
-24.2097	-3.18648	-91.734
-19.97568	-3.18648	-91.746
-15.4938	-2.78868	-91.757
-11.50968	-2.38986	-91.766
-7.52454	0.39882	-91.764
-2.5449	1.59324	-91.758
3.93006	1.99206	-91.751
12.89484	0.79662	-91.748
22.3584	-0.39882	-91.749
33.31524	-0.79662	-91.752
43.02666	-0.39882	-91.754
51.99144	0.39882	-91.752
58.71528	0.79662	-91.749
64.1937	0.39882	-91.748
69.17436	0.79662	-91.745
73.90614	0.39882	-91.743
77.64138	0.39882	-91.742
81.87438	0.39882	-91.74
85.60962	0.39882	-91.739
89.59476	0	-91.739
92.08458	0	-91.739
93.0801	0	-91.739
93.82776	0	-91.739
93.33	0	-91.739
93.57888	0	-91.739
93.0801	0.39882	-91.737
93.33	1.19544	-91.732
93.33	3.5853	-91.719
93.0801	7.96722	-91.688
92.08458	13.54356	-91.636
91.08804	18.3243	-91.566
90.09252	23.10402	-91.478
88.59822	27.48594	-91.372
87.85158	33.0633	-91.246
87.60168	39.43728	-91.095
87.10392	46.60686	-90.916
87.60168	53.77746	-90.71
87.3528	60.54924	-90.478
88.34934	68.11866	-90.218
88.34934	75.28824	-89.929
88.59822	82.85766	-89.612
89.34486	91.22268	-89.263
89.84364	99.1899	-88.883
90.3414	107.95374	-88.469
91.08804	116.31876	-88.024
91.58682	124.6848	-87.546
92.08458	133.04982	-87.037
92.58234	141.41484	-86.495
93.0801	150.17868	-85.92
92.83122	159.73914	-85.308
92.58234	168.50298	-84.663
91.58682	177.66564	-83.983
91.33692	186.82728	-83.267
90.83916	195.59112	-82.518
92.08458	204.35496	-81.735
93.0801	213.5166	-80.918
94.5744	222.67926	-80.065
94.82328	231.8409	-79.177
96.0687	239.80812	-78.259
96.56646	246.5799	-77.314
97.81188	251.75844	-76.35
99.30618	256.14036	-75.369
100.5516	261.3189	-74.369
101.54712	265.70082	-73.351
103.2903	269.28612	-72.32
104.03796	275.26128	-71.266
105.78114	274.86348	-70.213
106.52778	279.6432	-69.142
107.27442	282.03306	-68.062
107.7732	284.42394	-66.973
107.7732	285.61836	-65.879
108.27096	288.40704	-64.774
108.51984	289.60248	-63.665
107.27442	291.99234	-62.547
107.02554	293.18778	-61.424
105.53226	293.9844	-60.298
105.03348	295.17882	-59.168
104.28684	295.57764	-58.036
103.78908	296.77206	-56.899
102.54366	298.36632	-55.757
101.29824	299.16294	-54.611
100.30272	299.16294	-53.465
99.80394	299.95956	-52.317
100.05282	300.35736	-51.166
99.0573	301.5528	-50.012
98.80842	301.95162	-48.855
98.80842	301.95162	-47.699
98.80842	300.75618	-46.547
99.55506	301.15398	-45.394
99.0573	299.95956	-44.245
98.80842	297.5697	-43.105
98.80842	295.17882	-41.975
98.80842	291.99234	-40.857
99.0573	289.20366	-39.749
98.55954	286.41498	-38.652
97.31412	283.62732	-37.566
97.06524	279.2454	-36.497
96.31758	275.26128	-35.443
94.82328	270.87936	-34.405
94.82328	266.89626	-33.383
93.57888	263.31096	-32.375
91.8357	260.52228	-31.377
91.08804	250.56402	-30.417
89.84364	248.96976	-29.464
89.09598	244.19004	-28.529
87.85158	239.80812	-27.61
87.10392	234.23076	-26.713
87.10392	229.45104	-25.835
86.85504	223.07706	-24.98
85.36074	218.29734	-24.144
84.86298	213.5166	-23.327
84.36522	208.33806	-22.529
83.36868	203.15952	-21.751
82.87092	197.98098	-20.993
82.37214	192.00582	-20.257
82.37214	186.82728	-19.542
81.6255	181.24992	-18.848
80.87886	175.27476	-18.176
79.88232	170.09622	-17.525
78.6369	164.51988	-16.895
77.64138	159.34134	-16.285
76.64484	153.76398	-15.696
75.64932	148.18662	-15.128
74.90166	141.81366	-14.585
73.65726	136.63512	-14.062
73.40736	131.05776	-13.56
72.16296	125.48142	-13.079
71.4153	119.50524	-12.622
71.16642	114.3267	-12.184
70.41978	108.35154	-11.769
69.42324	102.7752	-11.375
68.92548	97.19784	-11.003
68.6766	91.6215	-10.652
67.68006	85.64532	-10.324
66.43464	79.67016	-10.019
64.94136	74.09382	-9.735
64.44258	68.91528	-9.472
63.44706	62.94012	-9.231
61.70388	57.36276	-9.011
60.70734	52.58202	-8.809
58.4664	48.59892	-8.623
55.97658	45.01362	-8.451
53.9835	40.2339	-8.297
51.99144	35.85198	-8.16
49.7505	31.07124	-8.041
47.26068	27.88476	-7.934
44.52096	25.4949	-7.836
41.78226	23.90064	-7.745
39.29142	21.51078	-7.662
36.30282	19.91754	-7.586
33.31524	17.12886	-7.52
30.07776	15.13782	-7.462
26.84028	13.54356	-7.411
24.10158	12.34914	-7.363
20.61522	11.95032	-7.317
16.87896	10.35708	-7.278
12.89484	9.16164	-7.243
9.90624	7.96722	-7.212
6.66978	7.1706	-7.185
2.93454	6.77178	-7.159
-0.55182	6.37398	-7.134
-4.53696	5.57736	-7.113
-7.52454	5.57736	-7.092
-10.26426	3.9831	-7.076
-13.25286	3.5853	-7.063
-17.23698	3.18648	-7.05
-22.7154	3.18648	-7.038
-27.19728	3.18648	-7.026
-31.68018	3.5853	-7.012
-34.91766	0.79662	-7.009
-39.15066	-1.59324	-7.015
-42.8859	-2.38986	-7.025
-46.62114	-1.59324	-7.031
-50.3574	0	-7.031
-53.34498	1.19544	-7.026
-57.08022	0.39882	-7.025
-59.81994	0	-7.025
-63.05742	-0.39882	-7.026
-65.29836	0	-7.026
-66.045	-0.39882	-7.028
-66.79266	0	-7.028
-67.04154	0	-7.028
-67.29042	0	-7.028
-67.29042	0	-7.028
-66.79266	-1.59324	-7.034
-65.29836	-3.9831	-7.049
-64.55172	-7.96722	-7.079
-62.80854	-13.54356	-7.131
-62.06088	-17.92548	-7.2
-60.81546	-22.70622	-7.287
-59.57106	-27.48594	-7.392
-59.07228	-33.0633	-7.519
-58.32564	-39.43728	-7.67
-57.579	-45.81024	-7.845
-57.08022	-53.37966	-8.05
-56.58246	-60.94806	-8.283
-56.83134	-68.51646	-8.546
-56.58246	-75.28824	-8.834
-57.08022	-82.85766	-9.151
-57.08022	-90.82386	-9.499
-57.579	-99.1899	-9.879
-57.579	-107.95374	-10.292
-57.08022	-116.31876	-10.738
-57.08022	-124.6848	-11.215
-57.3291	-133.04982	-11.725
-56.83134	-141.41484	-12.266
-55.83582	-150.5775	-12.843
-54.5904	-159.34134	-13.453
-53.0961	-168.10518	-14.097
-52.59834	-176.868	-14.774
-52.10058	-186.42846	-15.488
-52.10058	-195.59112	-16.237
-51.85068	-204.35496	-17.02
-51.35292	-213.91542	-17.839
-51.6018	-223.07706	-18.694
-52.34946	-232.23972	-19.583
-53.84274	-239.4093	-20.5
-55.83582	-246.5799	-21.444
-57.3291	-251.36064	-22.407
-58.57452	-257.3358	-23.392
-60.3177	-260.9211	-24.391
-62.80854	-265.70082	-25.409
-65.29836	-270.08274	-26.443
-66.2949	-273.27024	-27.49
-67.29042	-276.0579	-28.547
-67.5393	-280.04202	-29.62
-67.78818	-282.43188	-30.701
-68.53584	-284.82174	-31.792
-68.53584	-285.61836	-32.886
-67.29042	-287.61042	-33.987
-66.54378	-290.00028	-35.098
-65.04948	-291.59352	-36.214
-64.8006	-293.18778	-37.337
-64.55172	-294.3822	-38.465
-63.3063	-294.78102	-39.594
-61.56312	-295.57764	-40.726
-60.81546	-296.77206	-41.862
-61.06536	-298.36632	-43.005
-61.31424	-299.16294	-44.15
-60.81546	-299.16294	-45.296
-60.56658	-299.95956	-46.445
-62.06088	-300.75618	-47.597
-63.3063	-300.75618	-48.748
-65.54724	-301.5528	-49.903
-67.04154	-301.5528	-51.058
-67.5393	-301.95162	-52.214
-68.53584	-301.95162	-53.371
-70.77678	-300.35736	-54.521
-72.27108	-297.5697	-55.661
-74.26314	-295.17882	-56.791
-74.7609	-291.59352	-57.908
-75.00978	-289.20366	-59.015
-74.26314	-286.41498	-60.112
-74.26314	-283.62732	-61.198
-74.01426	-279.6432	-62.269
-74.01426	-275.26128	-63.324
-73.01772	-270.87936	-64.361
-72.27108	-266.89626	-65.383
-71.27454	-262.51434	-66.388
-71.02566	-258.53022	-67.378
-70.5279	-253.7505	-68.35
-71.27454	-248.57196	-69.302
-70.77678	-244.19004	-70.237
-71.02566	-239.4093	-71.154
-71.02566	-234.23076	-72.051
-71.27454	-229.45104	-72.93
-71.02566	-224.2725	-73.789
-71.02566	-218.69514	-74.626
-71.02566	-212.71998	-75.441
-71.52342	-207.94026	-76.237
-71.52342	-202.76172	-77.014
-70.77678	-198.3798	-77.774
-69.78024	-192.80244	-78.512
-69.28248	-186.82728	-79.227
-69.0336	-180.85212	-79.92
-68.78472	-175.27476	-80.591
-67.78818	-169.69842	-81.241
-67.5393	-164.91768	-81.873
-66.045	-158.94252	-82.481
-65.54724	-154.1628	-83.072
-65.79612	-148.18662	-83.639
-65.29836	-142.21146	-84.184
-65.04948	-136.63512	-84.707
-64.55172	-130.65996	-85.208
-64.30182	-125.0826	-85.687
-64.8006	-119.90406	-86.146
-64.30182	-114.3267	-86.584
-63.80406	-108.75036	-87
-63.80406	-102.7752	-87.394
-64.30182	-97.19784	-87.766
-64.30182	-91.22268	-88.115
-63.80406	-85.24752	-88.442
-63.05742	-80.46678	-88.75
-62.55864	-74.49162	-89.035
-61.31424	-68.91528	-89.299
-61.31424	-62.94012	-89.54
-60.3177	-56.96394	-89.758
-59.07228	-52.18422	-89.958
-57.08022	-48.99774	-90.146
-55.58592	-45.01362	-90.318
-54.09264	-40.2339	-90.472
-52.59834	-35.45316	-90.608
-50.60628	-31.47006	-90.729
-49.11198	-27.88476	-90.835
-46.62114	-25.4949	-90.933
-44.62908	-23.90064	-91.025
-42.8859	-21.9096	-91.108
-40.89384	-19.51974	-91.183
-38.6529	-17.12886	-91.249
-36.66084	-15.13782	-91.307
-34.17	-13.94238	-91.36
-32.67672	-12.34914	-91.407
-30.18588	-11.55252	-91.452
-28.69158	-10.35708	-91.491
-26.69952	-9.56046	-91.528
-24.70746	-8.36502	-91.56
-23.21316	-7.1706	-91.587
-21.46998	-6.77178	-91.613
-19.47792	-5.97516	-91.636
-16.9881	-5.57736	-91.658
-14.49726	-5.57736	-91.679
-12.00744	-4.77972	-91.697
-9.7665	-3.9831	-91.713
-6.7779	-3.18648	-91.725
-2.04612	-2.38986	-91.734
3.68118	-2.78868	-91.745
9.90624	-3.18648	-91.757
17.62662	-1.59324	-91.763
25.84374	1.19544	-91.758
34.80954	1.99206	-91.751
43.27554	1.59324	-91.745
50.74704	0	-91.745
56.22546	-0.39882	-91.746
60.70734	-0.39882	-91.748
65.43912	0.39882	-91.746
69.921	0.79662	-91.743
73.40736	0.79662	-91.74
77.1426	0	-91.74
79.13568	0	-91.74
80.38008	0	-91.74
80.62896	0	-91.74
80.62896	0	-91.74
79.88232	0.39882	-91.739
79.63344	1.19544	-91.734
79.38456	3.5853	-91.72
79.38456	7.96722	-91.69
78.88578	13.54356	-91.638
78.13914	18.3243	-91.568
76.89372	23.10402	-91.479
75.8982	27.08814	-91.375
74.65278	33.0633	-91.249
74.15502	39.43728	-91.098
73.65726	46.60686	-90.919
73.15848	54.57408	-90.71
73.65726	60.15144	-90.48
73.90614	68.11866	-90.219
74.4039	75.28824	-89.931
74.90166	82.85766	-89.613
75.8982	90.82386	-89.266
75.8982	99.1899	-88.886
76.89372	107.95374	-88.472
78.13914	116.31876	-88.027
79.38456	124.6848	-87.549
81.37662	133.04982	-87.04
84.11532	141.81366	-86.497
87.10392	150.17868	-85.922
89.84364	159.73914	-85.31
92.33346	168.50298	-84.665
94.32552	176.868	-83.987
96.0687	184.0386	-83.282
97.31412	189.61596	-82.556
98.80842	194.39568	-81.812
100.80048	198.7776	-81.05
102.29478	203.15952	-80.272
104.28684	207.54144	-79.478
104.7846	211.12674	-78.669
105.53226	214.71204	-77.847
106.03002	218.29734	-77.011
106.2789	220.28838	-76.167
107.02554	222.28044	-75.316
107.7732	224.2725	-74.457
108.76872	226.26456	-73.591
108.76872	228.2556	-72.716
109.0176	229.84884	-71.836
109.51638	231.8409	-70.948
109.76526	233.83296	-70.053
110.5119	232.63752	-69.162
112.0062	234.62958	-68.263
112.50396	235.4262	-67.362
113.00274	236.62164	-66.456
113.74938	237.41826	-65.546
113.5005	239.0115	-64.631
113.99826	239.0115	-63.716
114.24714	239.80812	-62.797
114.49704	239.4093	-61.88
113.99826	239.80812	-60.962
114.24714	240.20694	-60.042
113.25162	241.40136	-59.118
113.00274	241.80018	-58.192
113.00274	242.19798	-57.264
113.00274	242.19798	-56.337
112.50396	242.19798	-55.409
112.50396	241.40136	-54.485
112.50396	241.80018	-53.559
111.75732	243.79122	-52.625
111.75732	245.38548	-51.685
111.75732	242.19798	-50.758
112.25508	242.9946	-49.827
111.50844	242.5968	-48.898
111.01068	244.19004	-47.963
110.26302	242.5968	-47.034
109.76526	244.58886	-46.097
109.2675	244.58886	-45.16
108.51984	244.19004	-44.225
107.27442	243.39342	-43.293
106.03002	243.39342	-42.361
104.28684	243.79122	-41.427
103.04142	244.19004	-40.492
101.54712	244.58886	-39.555
100.80048	244.58886	-38.619
99.80394	244.58886	-37.682
98.55954	244.19004	-36.747
98.55954	243.39342	-35.815
98.30964	243.79122	-34.881
98.55954	244.19004	-33.946
98.55954	243.79122	-33.012
98.30964	241.80018	-32.086
98.55954	239.4093	-31.169
98.30964	235.4262	-30.268
98.80842	234.62958	-29.369
98.55954	228.2556	-28.495
98.80842	227.8578	-27.623
98.06076	224.6703	-26.762
98.30964	220.6872	-25.917
97.563	215.90748	-25.09
96.31758	211.12674	-24.282
95.57094	207.14364	-23.488
94.32552	203.55834	-22.709
93.82776	198.7776	-21.948
92.83122	194.39568	-21.203
91.8357	188.81934	-20.48
91.58682	184.0386	-19.775
91.08804	178.86006	-19.09
90.83916	174.47814	-18.422
90.3414	168.9018	-17.775
89.34486	164.12106	-17.147
89.09598	159.34134	-16.536
88.59822	153.76398	-15.948
87.85158	147.78882	-15.382
87.3528	142.61028	-14.835
86.35728	137.43174	-14.309
86.35728	132.2532	-13.803
85.8585	126.67584	-13.317
85.36074	122.29392	-12.849
84.6141	114.3267	-12.411
84.36522	109.94478	-11.99
83.86644	104.76624	-11.589
83.61756	99.1899	-11.209
83.36868	93.21474	-10.852
83.61756	88.0362	-10.515
83.1198	81.66222	-10.202
82.87092	76.48368	-9.909
82.62204	71.70294	-9.635
83.1198	66.1266	-9.382
82.37214	60.94806	-9.148
81.87438	55.3707	-8.936
81.37662	50.59098	-8.742
79.63344	47.00568	-8.562
77.64138	43.42038	-8.396
76.39596	38.64066	-8.248
74.4039	34.65654	-8.115
72.41184	29.87682	-8.001
70.66866	27.08814	-7.897
68.92548	24.69828	-7.803
67.68006	22.70622	-7.716
65.93688	20.71416	-7.636
65.19024	18.7221	-7.565
64.44258	17.12886	-7.499
64.44258	14.739	-7.443
64.44258	13.14576	-7.392
64.1937	12.34914	-7.345
64.44258	11.1537	-7.302
65.19024	9.95928	-7.264
64.94136	9.16164	-7.229
65.19024	7.96722	-7.198
65.19024	7.1706	-7.171
64.1937	7.1706	-7.144
63.94482	5.97516	-7.121
62.6994	5.57736	-7.099
61.70388	4.77972	-7.081
61.455	3.9831	-7.066
60.95622	3.9831	-7.05
59.46192	3.5853	-7.037
58.21752	3.5853	-7.023
56.22546	2.78868	-7.012
55.22892	2.38986	-7.003
53.48574	0.79662	-7
52.24032	-1.19544	-7.005
50.49714	-1.19544	-7.009
48.2562	-0.39882	-7.011
46.51302	0.39882	-7.009
43.77432	0	-7.009
41.28348	0	-7.009
38.2959	0	-7.009
34.55964	0	-7.009
31.57206	0	-7.009
28.33458	0	-7.009
24.84822	0	-7.009
21.36186	0	-7.009
17.62662	-0.39882	-7.011
14.38914	0	-7.011
12.1482	0	-7.011
9.1596	0	-7.011
6.91866	-0.39882	-7.012
4.9266	0	-7.012
3.4323	-0.39882	-7.014
2.18688	0	-7.014
0.69258	0	-7.014
-0.80172	0	-7.014
-2.295	-0.39882	-7.015
-3.54042	0	-7.015
-5.2836	0	-7.015
-7.02678	0	-7.015
-9.26772	0	-7.015
-11.0109	0	-7.015
-13.25286	0	-7.015
-15.4938	0	-7.015
-17.48586	0	-7.015
-20.72334	0	-7.015
-23.46204	-0.39882	-7.017
-26.20176	0	-7.017
-28.94046	0	-7.017
-31.4313	0	-7.017
-33.67224	0	-7.017
-35.91318	-0.39882	-7.018
-37.40748	-0.39882	-7.02
-37.90524	0	-7.02
-39.39954	0	-7.02
-39.89832	-0.39882	-7.022
-40.39608	-1.19544	-7.026
-41.14272	-1.99206	-7.034
-41.89038	-3.5853	-7.047
-42.8859	-4.77972	-7.066
-43.63356	-6.37398	-7.09
-44.62908	-7.96722	-7.121
-45.62562	-8.76384	-7.154
-46.87104	-11.1537	-7.197
-48.11544	-12.74694	-7.246
-48.8631	-15.13782	-7.304
-50.60628	-17.92548	-7.372
-51.6018	-19.51974	-7.447
-52.84722	-21.51078	-7.53
-54.34152	-23.50284	-7.62
-54.83928	-24.69828	-7.714
-55.33704	-27.08814	-7.818
-56.33358	-29.0802	-7.929
-57.08022	-31.07124	-8.048
-57.3291	-31.86786	-8.17
-57.579	-33.85992	-8.3
-58.07676	-35.05536	-8.434
-58.57452	-37.0464	-8.576
-58.8234	-39.03846	-8.726
-58.57452	-40.6317	-8.881
-59.07228	-42.22494	-9.043
-60.06882	-43.42038	-9.209
-60.56658	-44.61582	-9.38
-61.06536	-46.20906	-9.557
-61.31424	-47.40348	-9.739
-62.06088	-49.39554	-9.928
-63.3063	-50.59098	-10.121
-64.05294	-51.7854	-10.32
-65.04948	-52.98084	-10.523
-65.79612	-54.17628	-10.73
-66.2949	-55.76952	-10.944
-66.79266	-56.56614	-11.16
-67.29042	-58.15938	-11.383
-68.03808	-59.35482	-11.61
-68.03808	-60.54924	-11.842
-68.78472	-61.34586	-12.077
-68.53584	-62.5413	-12.317
-68.28696	-63.73674	-12.561
-68.78472	-64.53336	-12.808
-68.28696	-65.72778	-13.06
-68.28696	-66.92322	-13.316
-68.03808	-67.71984	-13.575
-67.78818	-68.51646	-13.838
-67.29042	-69.7119	-14.105
-66.045	-70.90632	-14.376
-66.045	-71.70294	-14.651
-65.04948	-72.50058	-14.928
-64.30182	-73.2972	-15.209
-63.80406	-74.09382	-15.493
-63.55518	-75.28824	-15.781
-63.55518	-76.08486	-16.073
-63.3063	-77.2803	-16.369
-63.3063	-77.67912	-16.666
-62.80854	-78.07692	-16.965
-63.05742	-78.87354	-17.267
-63.05742	-79.27236	-17.571
-62.55864	-80.8656	-17.88
-62.80854	-81.66222	-18.193
-63.05742	-82.45884	-18.509
-62.55864	-83.65428	-18.829
-62.80854	-82.45884	-19.145
-62.80854	-84.05208	-19.467
-62.80854	-84.4509	-19.79
-62.30976	-85.24752	-20.117
-62.30976	-86.44296	-20.448
-62.55864	-87.23958	-20.782
-61.812	-87.23958	-21.116
-62.30976	-88.0362	-21.453
-62.55864	-88.434	-21.792
-62.80854	-88.434	-22.131
-63.05742	-90.02724	-22.475
-63.05742	-90.02724	-22.82
-64.05294	-91.22268	-23.169
-64.30182	-91.22268	-23.519
-65.04948	-91.22268	-23.868
-66.045	-92.0193	-24.221
-66.79266	-92.81592	-24.576
-67.78818	-93.61254	-24.935
-68.78472	-93.61254	-25.293
-69.28248	-94.40916	-25.655
-70.03014	-94.40916	-26.016
-70.5279	-95.20578	-26.381
-71.02566	-95.20578	-26.745
-71.02566	-96.40122	-27.115
-71.52342	-96.80004	-27.485
-71.27454	-96.80004	-27.856
-71.27454	-97.59666	-28.23
-71.52342	-97.19784	-28.602
-71.02566	-97.99446	-28.977
-71.02566	-97.99446	-29.353
-71.27454	-98.39328	-29.729
-71.02566	-99.5877	-30.111
-70.77678	-99.5877	-30.492
-71.02566	-99.98652	-30.875
-70.77678	-99.98652	-31.258
-70.5279	-99.98652	-31.641
-70.27902	-100.78314	-32.027
-69.53136	-101.57976	-32.416
-69.28248	-101.57976	-32.805
-69.0336	-101.57976	-33.194
-68.28696	-102.37638	-33.586
-68.53584	-102.37638	-33.978
-68.03808	-102.7752	-34.372
-68.28696	-102.7752	-34.765
-68.28696	-103.57182	-35.162
-68.28696	-103.173	-35.557
-68.53584	-103.57182	-35.954
-68.53584	-103.96962	-36.352
-68.78472	-104.76624	-36.753
-69.28248	-104.76624	-37.154
-69.28248	-104.76624	-37.555
-69.0336	-104.76624	-37.957
-68.78472	-105.56388	-38.361
-68.28696	-105.56388	-38.765
-67.78818	-105.96168	-39.171
-67.04154	-105.96168	-39.577
-66.045	-105.96168	-39.983
-65.29836	-106.3605	-40.39
-63.80406	-107.15712	-40.8
-62.80854	-107.55492	-41.212
-61.06536	-107.15712	-41.623
-60.06882	-106.7583	-42.031
-59.32218	-106.7583	-42.44
-57.82788	-107.55492	-42.852
-56.58246	-107.55492	-43.264
-55.08816	-108.35154	-43.679
-54.09264	-108.75036	-44.095
-52.84722	-108.35154	-44.51
-51.85068	-108.35154	-44.925
-51.10404	-108.35154	-45.34
-50.3574	-109.54698	-45.76
-49.85862	-108.35154	-46.175
-49.36086	-109.14816	-46.593
-48.61422	-109.54698	-47.012
-48.36432	-109.54698	-47.432
-47.61768	-108.35154	-47.847
-47.86656	-107.95374	-48.26
-47.3688	-107.15712	-48.671
-47.3688	-107.15712	-49.081
-46.37226	-106.3605	-49.488
-46.37226	-105.96168	-49.894
-45.8745	-104.76624	-50.295
-45.37674	-103.57182	-50.692
-45.37674	-101.97858	-51.083
-44.62908	-100.78314	-51.468
-44.62908	-99.5877	-51.85
-43.88244	-99.1899	-52.23
-42.13926	-97.59666	-52.604
-40.1472	-96.00342	-52.971
-39.15066	-93.21474	-53.328
-38.6529	-91.6215	-53.679
-38.90178	-90.42606	-54.025
-38.6529	-88.434	-54.364
-37.90524	-89.23062	-54.706
-36.16308	-91.6215	-55.057
-35.6643	-91.22268	-55.406
-34.66878	-88.434	-55.745
-34.66878	-83.25546	-56.063
-34.91766	-80.06898	-56.37
-34.4199	-78.47574	-56.671
-33.42336	-78.07692	-56.97
-32.67672	-78.87354	-57.272
-32.42682	-78.07692	-57.571
-32.17794	-76.08486	-57.862
-32.17794	-72.89838	-58.141
-31.92906	-70.1097	-58.41
-31.92906	-68.91528	-58.674
-31.68018	-68.11866	-58.935
-31.18242	-67.71984	-59.194
-31.18242	-67.71984	-59.453
-30.68364	-65.32998	-59.703
-30.43476	-63.33792	-59.946
-29.68812	-61.74468	-60.182
-29.68812	-59.75262	-60.411
-29.19036	-58.956	-60.637
-28.69158	-58.956	-60.863
-28.4427	-58.15938	-61.086
-28.69158	-57.36276	-61.305
-28.4427	-54.9729	-61.516
-28.94046	-53.77746	-61.722
-28.94046	-52.18422	-61.922
-28.94046	-51.3876	-62.118
-28.94046	-50.98878	-62.314
-28.69158	-50.59098	-62.507
-28.4427	-49.39554	-62.697
-28.69158	-48.59892	-62.883
-29.43924	-46.20906	-63.06
-29.19036	-45.41244	-63.234
-29.19036	-44.217	-63.403
-29.43924	-44.217	-63.572
-29.19036	-44.217	-63.742
-28.94046	-43.42038	-63.908
-28.94046	-41.82714	-64.068
-28.94046	-40.6317	-64.224
-29.19036	-39.03846	-64.373
-28.94046	-38.64066	-64.521
-28.4427	-38.64066	-64.669
-28.4427	-38.24184	-64.816
-28.4427	-37.44522	-64.959
-27.94494	-36.24978	-65.098
-28.4427	-35.05536	-65.232
-28.4427	-34.25874	-65.363
-28.69158	-33.4611	-65.491
-28.69158	-33.0633	-65.618
-27.94494	-33.4611	-65.746
-28.19382	-33.0633	-65.873
-27.69606	-31.86786	-65.995
-27.94494	-30.27462	-66.111
-28.19382	-29.478	-66.224
-27.69606	-28.68138	-66.333
-27.44718	-29.0802	-66.445
-27.69606	-29.0802	-66.556
-27.19728	-28.28256	-66.665
-26.9484	-27.88476	-66.771
-27.19728	-26.29152	-66.872
-27.19728	-25.4949	-66.97
-27.19728	-25.09608	-67.066
-26.9484	-25.09608	-67.162
-26.9484	-25.09608	-67.258
-26.9484	-25.09608	-67.354
-26.45064	-24.29946	-67.447
-26.45064	-23.10402	-67.536
-26.69952	-21.9096	-67.62
-27.19728	-21.51078	-67.702
-26.45064	-21.9096	-67.786
-26.69952	-21.9096	-67.87
-26.69952	-22.3074	-67.955
-26.9484	-21.11298	-68.036
-26.69952	-19.51974	-68.111
-27.19728	-19.12092	-68.184
-27.69606	-18.7221	-68.256
-27.19728	-19.12092	-68.329
-27.44718	-19.12092	-68.402
-27.69606	-19.12092	-68.475
-27.94494	-18.3243	-68.546
-27.94494	-17.12886	-68.611
-28.4427	-16.33224	-68.674
-27.94494	-16.33224	-68.736
-27.69606	-16.73106	-68.8
-27.44718	-16.73106	-68.864
-27.44718	-16.73106	-68.928
-27.94494	-15.53562	-68.988
-27.94494	-14.739	-69.044
-27.94494	-13.94238	-69.098
-27.69606	-14.34018	-69.153
-27.44718	-14.739	-69.209
-27.19728	-14.739	-69.266
-27.19728	-14.739	-69.322
-27.69606	-13.54356	-69.374
-27.44718	-12.34914	-69.421
-27.44718	-11.95032	-69.467
-27.44718	-12.74694	-69.516
-26.9484	-12.74694	-69.565
-27.44718	-13.14576	-69.615
-27.44718	-12.34914	-69.662
-27.69606	-11.1537	-69.705
-27.44718	-11.1537	-69.748
-27.44718	-11.1537	-69.79
-27.69606	-11.1537	-69.833
-27.44718	-11.55252	-69.877
-27.44718	-10.7559	-69.919
-27.44718	-10.35708	-69.958
-27.44718	-9.95928	-69.996
-27.69606	-9.56046	-70.033
-27.69606	-9.56046	-70.07
-27.69606	-9.56046	-70.106
-27.69606	-9.95928	-70.144
-27.19728	-9.95928	-70.182
-27.19728	-9.16164	-70.218
-27.44718	-8.36502	-70.25
-27.44718	-7.96722	-70.28
-27.69606	-8.36502	-70.312
-27.44718	-8.36502	-70.344
-27.19728	-8.76384	-70.378
-27.44718	-8.36502	-70.41
-27.44718	-7.96722	-70.44
-27.44718	-7.5684	-70.469
-28.19382	-6.77178	-70.495
-28.19382	-7.1706	-70.523
-27.69606	-7.1706	-70.55
-27.69606	-7.96722	-70.581
-28.19382	-7.1706	-70.608
-28.19382	-7.1706	-70.636
-28.19382	-5.97516	-70.658
-28.94046	-5.97516	-70.681
-28.69158	-6.37398	-70.706
-28.19382	-6.37398	-70.73
-28.19382	-7.1706	-70.758
-28.19382	-6.37398	-70.782
-28.19382	-5.57736	-70.803
-28.19382	-5.17854	-70.823
-28.19382	-5.57736	-70.845
-28.4427	-5.17854	-70.864
-27.94494	-5.97516	-70.887
-28.19382	-5.97516	-70.91
-28.4427	-5.57736	-70.932
-28.4427	-4.77972	-70.95
-29.19036	-4.38192	-70.967
-30.18588	-4.38192	-70.983
-31.18242	-5.17854	-71.003
-31.4313	-5.57736	-71.025
-31.92906	-5.17854	-71.044
-31.4313	-4.38192	-71.061
-31.4313	-3.9831	-71.076
-30.93354	-2.78868	-71.087
-31.4313	0.39882	-71.086
-31.4313	2.38986	-71.076
-30.93354	1.59324	-71.07
-31.18242	0.39882	-71.069
-31.18242	-0.79662	-71.072
-30.93354	-0.79662	-71.075
-30.93354	-0.39882	-71.076
0	0	0
