[info]
speed	180
torque	/
position	/
gravity	/
termination type	/
termination val	/
stopmode	/
pause	/
[SetUp]	/
anatomical zero	/
mov1	/
mov2	/
end position	/
scale values	/
max GET mov1	/
max GET mov2	/
[filter]	/
filter	/
[markers by index]	/
move 1	/
move 2	/
max power start	/
max power end	/
	/
[data]
-6.52902	15.13782	-61.841
-6.28014	15.13782	-61.783
-6.03024	15.53562	-61.723
-6.03024	15.53562	-61.664
-6.52902	14.739	-61.607
-6.7779	15.53562	-61.548
-6.7779	15.13782	-61.49
-6.52902	15.53562	-61.43
-6.52902	15.53562	-61.371
-6.52902	15.13782	-61.313
-6.7779	15.13782	-61.255
-6.52902	15.53562	-61.195
-7.02678	14.739	-61.139
-6.7779	15.53562	-61.079
-6.52902	15.13782	-61.022
-7.27566	15.53562	-60.962
-7.27566	15.53562	-60.903
-7.02678	15.13782	-60.845
-7.27566	15.13782	-60.787
-7.27566	15.53562	-60.727
-7.02678	14.739	-60.671
-7.02678	15.53562	-60.611
-7.02678	15.53562	-60.552
-7.27566	15.13782	-60.494
-7.27566	15.53562	-60.434
-7.02678	15.13782	-60.376
-7.02678	15.13782	-60.318
-7.52454	15.13782	-60.26
-7.02678	15.13782	-60.202
-7.27566	15.53562	-60.143
-7.02678	15.53562	-60.083
-7.02678	15.13782	-60.025
-7.02678	15.53562	-59.966
-7.27566	15.13782	-59.908
-7.02678	15.13782	-59.85
-7.02678	15.13782	-59.792
-7.27566	15.13782	-59.734
-7.52454	15.53562	-59.674
-7.27566	15.13782	-59.616
-7.02678	15.53562	-59.557
-7.02678	15.53562	-59.497
-7.27566	15.13782	-59.44
-7.27566	15.13782	-59.382
-7.27566	15.13782	-59.324
-7.02678	15.13782	-59.266
-7.27566	15.53562	-59.206
-7.27566	15.53562	-59.147
-7.02678	15.13782	-59.089
-7.27566	15.13782	-59.031
-7.02678	15.53562	-58.971
-7.52454	15.13782	-58.913
-7.02678	15.13782	-58.855
-7.27566	15.53562	-58.796
-7.52454	15.13782	-58.738
-7.27566	15.53562	-58.678
-7.52454	14.739	-58.622
-7.52454	15.53562	-58.562
-7.52454	15.13782	-58.504
-7.27566	15.53562	-58.445
-7.77342	15.13782	-58.387
-7.27566	15.13782	-58.329
-7.27566	15.53562	-58.269
-7.27566	15.13782	-58.211
-7.77342	15.13782	-58.153
-7.77342	15.53562	-58.094
-7.77342	15.13782	-58.036
-8.02332	15.53562	-57.977
-8.02332	15.13782	-57.919
-8.02332	15.13782	-57.861
-7.77342	15.13782	-57.803
-7.77342	15.53562	-57.743
-8.2722	15.53562	-57.684
-7.77342	15.13782	-57.626
-7.77342	15.13782	-57.568
-8.02332	15.53562	-57.508
-8.02332	15.13782	-57.45
-8.52108	15.13782	-57.392
-8.52108	15.53562	-57.333
-8.02332	15.53562	-57.273
-8.02332	15.13782	-57.215
-8.02332	15.13782	-57.157
-8.52108	15.13782	-57.099
-8.76996	15.53562	-57.04
-8.76996	15.13782	-56.982
-8.76996	15.53562	-56.922
-8.76996	15.13782	-56.864
-8.76996	15.13782	-56.806
-8.76996	15.13782	-56.748
-8.52108	15.53562	-56.689
-8.76996	15.13782	-56.631
-8.52108	15.13782	-56.573
-8.52108	15.53562	-56.514
-8.52108	15.13782	-56.456
-8.52108	15.53562	-56.396
-8.52108	15.13782	-56.338
-8.52108	15.53562	-56.279
-8.76996	14.739	-56.222
-9.01884	15.53562	-56.163
-8.76996	15.13782	-56.105
-8.52108	15.53562	-56.045
-8.52108	15.13782	-55.987
-9.26772	15.13782	-55.929
-8.76996	15.53562	-55.87
-8.76996	15.13782	-55.812
-8.76996	15.53562	-55.752
-8.76996	15.13782	-55.694
-9.01884	15.13782	-55.636
-9.26772	15.53562	-55.577
-9.01884	15.13782	-55.519
-9.01884	15.53562	-55.459
-9.01884	15.13782	-55.401
-9.26772	15.53562	-55.342
-9.7665	15.13782	-55.284
-9.5166	15.13782	-55.226
-9.26772	15.53562	-55.166
-9.5166	15.13782	-55.108
-9.5166	15.13782	-55.05
-10.01538	15.13782	-54.993
-9.7665	15.53562	-54.933
-10.01538	15.53562	-54.874
-10.01538	15.13782	-54.816
-10.01538	15.13782	-54.758
-9.7665	15.13782	-54.7
-10.01538	15.53562	-54.64
-10.26426	15.13782	-54.582
-10.26426	15.53562	-54.523
-10.26426	15.53562	-54.463
-10.26426	15.13782	-54.405
-10.26426	15.13782	-54.347
-10.01538	15.13782	-54.289
-10.51314	15.53562	-54.23
-10.26426	15.13782	-54.172
-10.26426	15.13782	-54.114
-10.26426	15.53562	-54.054
-10.01538	15.13782	-53.996
-10.01538	15.13782	-53.938
-10.01538	15.53562	-53.879
-10.01538	15.13782	-53.821
-10.01538	15.13782	-53.763
-10.01538	15.53562	-53.703
-10.01538	15.13782	-53.645
-10.51314	15.53562	-53.586
-10.26426	15.13782	-53.528
-10.01538	15.13782	-53.47
-10.01538	15.53562	-53.411
-10.01538	15.13782	-53.353
-10.51314	15.53562	-53.293
-10.51314	15.13782	-53.235
-10.51314	15.13782	-53.177
-10.01538	15.53562	-53.118
-10.51314	15.13782	-53.06
-10.51314	15.13782	-53.002
-10.26426	15.53562	-52.942
-10.26426	15.13782	-52.884
-10.26426	15.13782	-52.826
-10.26426	15.53562	-52.767
-10.26426	15.13782	-52.709
-10.26426	15.53562	-52.649
-10.51314	15.13782	-52.591
-10.76202	15.13782	-52.533
-10.51314	15.53562	-52.474
-10.51314	15.13782	-52.416
-10.51314	15.53562	-52.356
-10.51314	15.13782	-52.298
-10.51314	14.739	-52.242
-11.0109	15.53562	-52.182
-10.76202	15.13782	-52.124
-11.0109	15.53562	-52.065
-11.0109	15.53562	-52.005
-11.0109	15.13782	-51.948
-10.76202	15.13782	-51.89
-11.25978	15.13782	-51.832
-10.76202	15.53562	-51.772
-10.76202	15.13782	-51.714
-11.0109	15.53562	-51.655
-10.76202	15.13782	-51.597
-11.50968	15.53562	-51.537
-11.25978	15.13782	-51.479
-11.50968	15.13782	-51.421
-11.50968	15.53562	-51.362
-11.25978	15.13782	-51.304
-11.0109	15.13782	-51.246
-11.0109	15.53562	-51.186
-11.0109	15.13782	-51.128
-11.25978	15.13782	-51.07
-11.25978	15.53562	-51.011
-11.50968	15.13782	-50.953
-11.0109	15.13782	-50.895
-11.25978	15.13782	-50.837
-11.75856	15.53562	-50.777
-11.50968	15.53562	-50.718
-11.50968	15.13782	-50.66
-11.50968	15.53562	-50.6
-11.50968	14.739	-50.544
-11.75856	15.53562	-50.485
-11.25978	15.13782	-50.427
-11.25978	15.53562	-50.367
-11.75856	15.13782	-50.309
-11.50968	15.53562	-50.25
-11.75856	15.13782	-50.192
-11.75856	15.13782	-50.134
-11.75856	15.13782	-50.076
-11.25978	15.53562	-50.016
-11.25978	15.13782	-49.958
-11.25978	15.13782	-49.9
-11.75856	15.53562	-49.841
-11.50968	15.53562	-49.781
-11.50968	15.13782	-49.723
-11.75856	15.53562	-49.664
-12.00744	15.13782	-49.606
-12.00744	15.13782	-49.548
-11.50968	15.53562	-49.488
-11.50968	15.13782	-49.43
-11.75856	15.53562	-49.371
-11.75856	14.739	-49.314
-11.75856	15.53562	-49.255
-12.00744	15.53562	-49.195
-11.75856	15.13782	-49.137
-12.5052	15.13782	-49.079
-12.5052	15.53562	-49.02
-12.75408	15.13782	-48.962
-12.25632	15.53562	-48.903
-12.5052	15.13782	-48.845
-12.75408	15.13782	-48.787
-12.25632	15.13782	-48.729
-12.25632	15.53562	-48.669
-12.25632	15.53562	-48.61
-12.5052	15.13782	-48.552
-12.5052	15.13782	-48.494
-12.75408	15.13782	-48.436
-12.5052	15.53562	-48.376
-12.75408	15.13782	-48.318
-12.5052	15.53562	-48.259
-12.75408	15.13782	-48.201
-12.25632	15.13782	-48.143
-12.5052	15.53562	-48.083
-12.25632	15.13782	-48.025
-12.5052	15.13782	-47.967
-12.75408	15.53562	-47.908
-12.75408	15.13782	-47.85
-12.75408	15.53562	-47.79
-12.75408	15.13782	-47.732
-12.5052	15.13782	-47.674
-12.25632	15.53562	-47.615
-12.25632	14.739	-47.559
-12.5052	15.53562	-47.499
-12.25632	15.53562	-47.44
-12.25632	15.13782	-47.382
-12.75408	15.53562	-47.322
-12.75408	15.13782	-47.264
-12.25632	15.13782	-47.206
-12.25632	15.53562	-47.147
-12.5052	15.13782	-47.089
-12.25632	15.13782	-47.031
-12.25632	15.53562	-46.971
-12.75408	15.13782	-46.913
-12.75408	15.53562	-46.854
-12.75408	14.739	-46.797
-12.75408	15.53562	-46.738
-12.25632	15.53562	-46.678
-12.25632	15.13782	-46.62
-12.75408	15.13782	-46.562
-12.75408	15.13782	-46.504
-12.75408	15.53562	-46.445
-12.75408	15.53562	-46.385
-12.75408	15.13782	-46.327
-12.25632	15.13782	-46.269
-12.5052	15.13782	-46.211
-12.75408	15.13782	-46.153
-13.00296	15.53562	-46.094
-12.5052	15.53562	-46.034
-13.00296	15.13782	-45.977
-12.5052	15.13782	-45.919
-12.75408	15.13782	-45.861
-12.75408	15.53562	-45.801
-13.25286	15.13782	-45.743
-13.25286	15.53562	-45.684
-12.75408	15.13782	-45.626
-13.00296	15.13782	-45.568
-12.75408	15.53562	-45.508
-13.50174	15.13782	-45.45
-13.00296	15.53562	-45.391
-13.25286	15.13782	-45.333
-13.25286	15.13782	-45.275
-13.25286	15.13782	-45.217
-12.75408	15.53562	-45.157
-13.00296	15.13782	-45.099
-13.00296	15.53562	-45.04
-13.25286	15.13782	-44.982
-13.00296	15.53562	-44.922
-13.25286	15.13782	-44.864
-13.00296	15.13782	-44.806
-13.25286	15.13782	-44.748
-13.50174	15.53562	-44.689
-13.00296	15.13782	-44.631
-13.00296	15.53562	-44.571
-13.25286	15.13782	-44.514
-13.25286	15.13782	-44.456
-13.00296	15.13782	-44.398
-13.00296	15.53562	-44.338
-13.00296	15.13782	-44.28
-13.25286	15.53562	-44.221
-13.00296	15.13782	-44.163
-12.75408	15.13782	-44.105
-13.50174	15.53562	-44.045
-13.50174	15.13782	-43.987
-13.25286	15.53562	-43.928
-12.75408	15.13782	-43.87
-13.25286	15.13782	-43.812
-13.50174	15.13782	-43.754
-13.50174	15.53562	-43.694
-13.50174	15.13782	-43.636
-13.50174	15.53562	-43.577
-13.25286	15.53562	-43.517
-13.00296	15.13782	-43.459
-13.25286	15.13782	-43.401
-13.25286	15.13782	-43.343
-13.50174	15.53562	-43.284
-13.50174	15.53562	-43.224
-13.25286	15.13782	-43.166
-13.9995	15.53562	-43.107
-13.50174	14.739	-43.05
-13.75062	15.53562	-42.991
-13.9995	15.13782	-42.933
-13.9995	15.53562	-42.874
-13.50174	15.13782	-42.816
-13.75062	15.13782	-42.758
-14.24838	15.53562	-42.698
-13.9995	15.13782	-42.64
-13.9995	15.53562	-42.581
-13.75062	15.13782	-42.523
-13.75062	15.13782	-42.465
-13.9995	15.13782	-42.407
-14.24838	15.53562	-42.347
-13.9995	15.53562	-42.288
-14.24838	15.13782	-42.23
-13.75062	15.13782	-42.172
-13.75062	15.13782	-42.114
-13.75062	15.53562	-42.054
-13.9995	15.13782	-41.996
-13.9995	15.53562	-41.937
-13.75062	15.13782	-41.879
-13.75062	15.53562	-41.819
-13.75062	15.13782	-41.761
-13.75062	15.13782	-41.703
-13.75062	15.13782	-41.645
-13.75062	15.53562	-41.586
-13.75062	15.13782	-41.528
-13.75062	15.13782	-41.47
-13.9995	15.53562	-41.411
-13.9995	15.53562	-41.351
-14.24838	15.13782	-41.293
-13.9995	15.13782	-41.235
-13.75062	15.13782	-41.177
-13.75062	15.53562	-41.118
-13.9995	15.13782	-41.06
-13.75062	15.53562	-41
-13.75062	15.13782	-40.942
-13.75062	15.13782	-40.884
-13.75062	15.53562	-40.825
-14.24838	15.13782	-40.767
-14.24838	15.13782	-40.709
-13.75062	15.13782	-40.651
-13.9995	15.53562	-40.591
-14.24838	15.13782	-40.533
-14.24838	15.53562	-40.474
-13.75062	15.13782	-40.416
-14.24838	15.53562	-40.356
-14.24838	15.13782	-40.298
-14.24838	15.13782	-40.24
-13.9995	15.53562	-40.181
-13.75062	15.13782	-40.123
-14.24838	15.13782	-40.065
-13.9995	15.13782	-40.007
-13.9995	15.53562	-39.948
-14.24838	15.53562	-39.888
-14.24838	15.13782	-39.83
-14.24838	15.13782	-39.772
-14.49726	15.13782	-39.714
-13.9995	15.13782	-39.656
-14.24838	15.53562	-39.597
-14.49726	15.53562	-39.537
-14.49726	15.53562	-39.478
-14.49726	15.13782	-39.42
-14.24838	15.13782	-39.362
-14.24838	15.13782	-39.304
-14.74614	15.53562	-39.244
-14.49726	15.13782	-39.186
-14.24838	15.13782	-39.128
-14.74614	15.53562	-39.069
-14.74614	15.13782	-39.011
-14.74614	15.53562	-38.951
-14.24838	15.13782	-38.893
-14.24838	15.13782	-38.835
-14.49726	15.53562	-38.776
-14.74614	15.13782	-38.718
-14.24838	15.13782	-38.66
-14.24838	15.53562	-38.6
-14.74614	15.53562	-38.541
-14.49726	15.13782	-38.483
-14.24838	15.13782	-38.425
-14.49726	15.13782	-38.367
-14.24838	15.13782	-38.309
-14.49726	15.53562	-38.25
-14.49726	15.13782	-38.192
-14.74614	15.13782	-38.134
-14.24838	15.53562	-38.074
-14.74614	15.13782	-38.016
-14.49726	15.53562	-37.957
-14.24838	15.13782	-37.899
-14.49726	15.13782	-37.841
-14.74614	15.53562	-37.781
-14.74614	15.13782	-37.723
-14.49726	15.13782	-37.665
-14.24838	15.53562	-37.606
-14.49726	15.13782	-37.548
-14.99604	15.53562	-37.488
-14.99604	15.13782	-37.43
-14.99604	15.53562	-37.371
-14.99604	15.13782	-37.313
-14.74614	15.13782	-37.255
-15.24492	15.53562	-37.195
-15.24492	15.13782	-37.137
-15.4938	15.53562	-37.078
-15.4938	15.13782	-37.02
-14.99604	15.53562	-36.96
-15.4938	14.739	-36.904
-15.24492	15.53562	-36.845
-15.24492	15.13782	-36.787
-15.74268	15.53562	-36.727
-15.74268	15.13782	-36.669
-15.74268	15.53562	-36.61
-15.24492	15.13782	-36.552
-15.74268	15.13782	-36.494
-15.4938	15.53562	-36.434
-15.74268	15.13782	-36.376
-15.24492	15.13782	-36.318
-15.4938	15.53562	-36.259
-15.74268	15.13782	-36.201
-15.74268	15.13782	-36.143
-15.24492	15.53562	-36.083
-15.24492	15.13782	-36.025
-15.4938	15.53562	-35.966
-15.99156	15.13782	-35.908
-15.74268	15.13782	-35.85
-15.99156	15.53562	-35.79
-15.24492	15.13782	-35.732
-15.74268	15.53562	-35.673
-15.74268	15.13782	-35.615
-15.74268	15.13782	-35.557
-15.99156	15.53562	-35.497
-15.4938	15.13782	-35.44
-15.74268	15.13782	-35.382
-15.74268	15.13782	-35.324
-15.99156	15.53562	-35.264
-15.99156	15.13782	-35.206
-15.4938	15.53562	-35.147
-15.4938	15.53562	-35.087
-15.99156	15.13782	-35.029
-15.99156	15.13782	-34.971
-15.74268	15.13782	-34.913
-15.99156	15.53562	-34.854
-15.74268	15.13782	-34.796
-16.24044	15.53562	-34.736
-16.24044	15.13782	-34.678
-15.74268	15.13782	-34.62
-15.99156	15.13782	-34.562
-16.24044	15.53562	-34.503
-16.24044	15.13782	-34.445
-16.24044	15.53562	-34.385
-16.24044	15.13782	-34.327
-16.48932	15.13782	-34.269
-15.99156	15.53562	-34.21
-15.99156	14.739	-34.153
-16.73922	15.53562	-34.094
-16.73922	15.53562	-34.034
-16.24044	15.13782	-33.977
-16.24044	15.53562	-33.917
-16.24044	15.13782	-33.859
-16.73922	15.13782	-33.801
-16.73922	15.13782	-33.743
-16.24044	15.13782	-33.685
-16.48932	15.53562	-33.626
-16.73922	15.53562	-33.566
-16.73922	15.13782	-33.508
-16.48932	15.13782	-33.45
-16.48932	15.53562	-33.391
-16.73922	15.13782	-33.333
-16.9881	15.53562	-33.273
-16.73922	15.13782	-33.215
-16.73922	15.13782	-33.157
-16.73922	15.13782	-33.099
-16.9881	15.53562	-33.04
-16.73922	15.53562	-32.98
-16.73922	15.13782	-32.922
-16.73922	15.53562	-32.863
-16.9881	15.13782	-32.805
-17.23698	15.13782	-32.747
-16.73922	15.13782	-32.689
-16.73922	15.53562	-32.629
-17.23698	15.13782	-32.571
-16.73922	15.13782	-32.514
-16.9881	15.53562	-32.454
-16.9881	15.13782	-32.396
-17.23698	15.53562	-32.337
-16.73922	15.13782	-32.279
-17.23698	15.13782	-32.221
-17.23698	15.13782	-32.163
-16.9881	15.13782	-32.105
-17.23698	15.53562	-32.045
-17.23698	15.53562	-31.986
-17.23698	15.13782	-31.928
-16.9881	15.13782	-31.87
-16.9881	15.53562	-31.81
-16.9881	15.13782	-31.752
-16.73922	15.53562	-31.693
-16.9881	15.13782	-31.635
-17.23698	15.13782	-31.577
-17.48586	15.53562	-31.517
-16.9881	15.13782	-31.459
-17.23698	15.53562	-31.4
-17.23698	15.13782	-31.342
-17.48586	15.13782	-31.284
-17.48586	15.13782	-31.226
-17.48586	15.53562	-31.166
-17.23698	15.13782	-31.108
-17.73474	15.53562	-31.049
-17.73474	15.53562	-30.989
-17.48586	15.13782	-30.932
-17.73474	15.13782	-30.874
-17.48586	15.53562	-30.814
-17.98362	15.13782	-30.756
-17.48586	15.13782	-30.698
-17.98362	15.53562	-30.639
-17.98362	15.13782	-30.581
-18.2325	15.13782	-30.523
-17.73474	15.53562	-30.463
-18.2325	15.13782	-30.405
-18.2325	15.13782	-30.347
-18.2325	15.53562	-30.288
-17.73474	15.13782	-30.23
-17.98362	15.53562	-30.17
-17.73474	15.13782	-30.112
-17.98362	15.13782	-30.054
-17.73474	15.53562	-29.995
-17.98362	15.13782	-29.937
-17.73474	15.53562	-29.877
-18.2325	15.13782	-29.819
-18.2325	15.13782	-29.761
-17.73474	15.13782	-29.703
-17.73474	15.53562	-29.644
-18.2325	15.13782	-29.586
-18.2325	15.53562	-29.526
-17.73474	15.13782	-29.468
-17.73474	15.53562	-29.409
-18.2325	15.13782	-29.351
-18.2325	14.739	-29.295
-17.73474	15.53562	-29.235
-17.73474	15.53562	-29.176
-18.2325	15.13782	-29.118
-18.2325	15.53562	-29.058
-17.73474	15.13782	-29
-17.98362	15.53562	-28.941
-17.98362	15.13782	-28.883
-18.2325	15.13782	-28.825
-17.98362	15.13782	-28.767
-17.98362	15.53562	-28.707
-18.2325	15.13782	-28.649
-17.98362	15.53562	-28.59
-17.98362	15.13782	-28.532
-18.4824	15.13782	-28.474
-18.2325	15.53562	-28.414
-17.98362	15.13782	-28.356
-18.4824	15.13782	-28.298
-18.4824	15.53562	-28.239
-18.4824	15.13782	-28.181
-17.98362	15.53562	-28.121
-17.98362	15.13782	-28.063
-18.4824	15.13782	-28.005
-18.2325	15.53562	-27.946
-18.2325	15.13782	-27.888
-18.73128	15.13782	-27.83
-18.73128	15.53562	-27.771
-18.4824	15.13782	-27.713
-18.2325	15.13782	-27.655
-18.73128	15.53562	-27.595
-18.4824	15.13782	-27.537
-18.4824	15.53562	-27.478
-18.2325	15.13782	-27.42
-18.73128	15.13782	-27.362
-18.73128	15.53562	-27.302
-18.2325	15.13782	-27.244
-18.2325	15.53562	-27.185
-18.73128	15.13782	-27.127
-18.2325	15.13782	-27.069
-18.2325	15.53562	-27.009
-18.2325	14.739	-26.953
-18.2325	15.53562	-26.893
-18.4824	15.53562	-26.834
-18.4824	15.13782	-26.776
-18.73128	15.53562	-26.716
-18.73128	15.13782	-26.658
-18.98016	15.13782	-26.6
-18.73128	15.13782	-26.542
-18.98016	15.13782	-26.485
-18.98016	15.53562	-26.425
-18.4824	15.53562	-26.366
-18.4824	15.13782	-26.308
-18.4824	15.13782	-26.25
-18.73128	15.13782	-26.192
-18.98016	15.53562	-26.132
-18.4824	15.13782	-26.074
-18.98016	15.13782	-26.016
-18.4824	15.53562	-25.957
-18.98016	15.53562	-25.897
-18.4824	15.13782	-25.839
-18.98016	15.13782	-25.781
-18.98016	15.53562	-25.722
-18.73128	14.739	-25.665
-18.98016	15.53562	-25.606
-19.22904	15.53562	-25.546
-18.73128	15.13782	-25.488
-18.73128	15.53562	-25.429
-18.98016	15.13782	-25.371
-19.47792	15.53562	-25.311
-19.47792	15.13782	-25.253
-19.47792	15.13782	-25.195
-19.22904	15.53562	-25.136
-19.47792	15.13782	-25.078
-19.7268	15.53562	-25.018
-19.7268	15.13782	-24.96
-19.47792	15.13782	-24.903
-19.47792	15.53562	-24.843
-19.97568	15.13782	-24.785
-19.47792	15.13782	-24.727
-19.47792	15.53562	-24.668
-19.7268	15.13782	-24.61
-19.97568	15.13782	-24.552
-19.97568	15.53562	-24.492
-19.7268	15.13782	-24.434
-20.22558	15.53562	-24.375
-20.22558	15.13782	-24.317
-20.22558	15.13782	-24.259
-19.7268	15.53562	-24.199
-19.7268	15.13782	-24.141
-20.22558	15.13782	-24.083
-20.22558	15.53562	-24.024
-19.7268	15.13782	-23.966
-19.7268	15.53562	-23.906
-19.7268	15.13782	-23.848
-19.7268	15.13782	-23.79
-19.7268	15.53562	-23.731
-20.22558	15.13782	-23.673
-19.97568	15.13782	-23.615
-19.47792	15.53562	-23.555
-19.7268	15.13782	-23.497
-19.97568	15.53562	-23.438
-19.7268	15.13782	-23.38
-19.97568	15.13782	-23.322
-19.47792	15.53562	-23.263
-19.47792	14.739	-23.206
-19.47792	15.53562	-23.147
-19.97568	15.13782	-23.089
-19.97568	15.53562	-23.029
-19.47792	15.53562	-22.97
-19.47792	15.13782	-22.912
-19.97568	15.13782	-22.854
-19.7268	15.53562	-22.794
-19.7268	14.739	-22.738
-19.97568	15.53562	-22.678
-19.97568	15.13782	-22.62
-19.97568	15.53562	-22.561
-19.47792	15.53562	-22.501
-19.7268	15.13782	-22.443
-19.97568	15.13782	-22.385
-19.97568	15.13782	-22.327
-19.97568	15.53562	-22.268
-19.97568	15.13782	-22.21
-20.22558	15.13782	-22.152
-19.7268	15.53562	-22.092
-20.22558	15.13782	-22.034
-19.97568	15.53562	-21.975
-19.97568	15.13782	-21.917
-19.7268	15.13782	-21.859
-20.22558	15.13782	-21.801
-19.97568	15.53562	-21.742
-20.22558	15.13782	-21.684
-20.22558	15.53562	-21.624
-19.97568	15.13782	-21.566
-19.97568	15.53562	-21.507
-20.47446	15.13782	-21.449
-20.22558	15.53562	-21.389
-20.47446	14.739	-21.333
-20.22558	15.53562	-21.273
-19.97568	15.13782	-21.215
-20.47446	15.53562	-21.156
-20.22558	15.53562	-21.096
-20.22558	15.13782	-21.038
-20.22558	15.13782	-20.98
-20.22558	15.13782	-20.922
-19.97568	15.53562	-20.863
-20.47446	15.13782	-20.805
-20.47446	15.53562	-20.745
-19.97568	15.13782	-20.687
-19.97568	15.53562	-20.628
-20.47446	14.739	-20.571
-20.22558	15.53562	-20.512
-19.7268	15.13782	-20.454
-20.22558	15.53562	-20.395
-19.97568	15.13782	-20.337
-19.97568	15.53562	-20.277
-20.22558	15.13782	-20.219
-20.22558	15.13782	-20.161
-20.22558	15.13782	-20.103
-20.47446	15.53562	-20.044
-20.22558	15.13782	-19.986
-19.97568	15.53562	-19.926
-20.47446	15.13782	-19.868
-20.47446	15.53562	-19.809
-20.47446	15.13782	-19.751
-20.22558	15.13782	-19.693
-20.47446	15.13782	-19.635
-20.47446	15.53562	-19.575
-20.47446	15.53562	-19.516
-20.22558	15.13782	-19.458
-20.72334	15.13782	-19.4
-20.72334	15.13782	-19.342
-20.47446	15.53562	-19.282
-20.47446	15.53562	-19.223
-20.97222	15.13782	-19.165
-20.72334	15.13782	-19.107
-20.47446	15.13782	-19.049
-20.72334	15.53562	-18.989
-20.97222	15.13782	-18.932
-20.97222	15.53562	-18.872
-20.72334	15.13782	-18.814
-21.2211	15.53562	-18.755
-21.2211	15.13782	-18.697
-20.72334	15.13782	-18.639
-20.72334	15.13782	-18.581
-21.2211	15.53562	-18.521
-21.2211	15.13782	-18.463
-20.97222	15.53562	-18.404
-20.97222	15.13782	-18.346
-20.97222	15.53562	-18.286
-21.2211	15.13782	-18.228
-20.72334	15.13782	-18.17
-20.97222	15.53562	-18.111
-20.97222	14.739	-18.054
-20.97222	15.53562	-17.995
-20.97222	15.53562	-17.935
-20.72334	15.13782	-17.877
-20.97222	15.53562	-17.818
-20.97222	15.13782	-17.76
-20.72334	15.13782	-17.702
-20.47446	15.13782	-17.644
-20.72334	15.53562	-17.584
-20.72334	15.13782	-17.526
-20.47446	15.53562	-17.467
-20.72334	15.13782	-17.409
-20.97222	15.53562	-17.35
-20.97222	15.13782	-17.292
-20.72334	15.13782	-17.234
-20.47446	15.13782	-17.176
-20.97222	15.53562	-17.116
-20.47446	15.13782	-17.058
-20.97222	15.53562	-16.999
-20.97222	15.13782	-16.941
-20.72334	15.53562	-16.881
-20.47446	15.13782	-16.823
-21.2211	15.13782	-16.765
-20.97222	15.13782	-16.707
-20.97222	15.53562	-16.648
-20.97222	15.13782	-16.59
-20.97222	15.53562	-16.53
-20.47446	15.13782	-16.472
-20.97222	15.13782	-16.414
-20.97222	15.13782	-16.356
-20.72334	15.53562	-16.297
-20.97222	15.13782	-16.239
-20.97222	15.13782	-16.181
-20.97222	15.53562	-16.121
-20.97222	15.13782	-16.063
-20.72334	15.53562	-16.004
-20.97222	15.13782	-15.946
-21.2211	15.13782	-15.888
-21.2211	15.53562	-15.829
-20.97222	15.13782	-15.771
-21.46998	15.13782	-15.713
-20.97222	15.53562	-15.653
-21.46998	15.13782	-15.595
-20.97222	15.53562	-15.536
-21.2211	15.13782	-15.478
-20.97222	15.13782	-15.42
-20.97222	15.53562	-15.36
-20.97222	15.13782	-15.302
-21.2211	15.13782	-15.244
-21.46998	15.53562	-15.185
-21.46998	15.53562	-15.125
-21.2211	15.13782	-15.067
-20.97222	15.13782	-15.009
-21.2211	15.53562	-14.95
-21.2211	15.13782	-14.892
-21.46998	15.53562	-14.832
-21.2211	15.13782	-14.774
-21.46998	15.13782	-14.716
-21.46998	15.13782	-14.658
-20.97222	15.53562	-14.599
-20.97222	15.53562	-14.539
-21.2211	15.13782	-14.481
-21.2211	15.13782	-14.423
-21.2211	15.13782	-14.366
-20.97222	15.13782	-14.308
-20.72334	15.13782	-14.25
-21.2211	15.53562	-14.19
-20.97222	15.53562	-14.131
-20.47446	15.53562	-14.071
-20.47446	14.739	-14.015
-21.2211	15.53562	-13.955
-20.47446	15.13782	-13.897
-20.72334	15.13782	-13.839
-20.97222	15.53562	-13.78
-20.72334	15.53562	-13.72
-20.72334	15.13782	-13.662
-20.97222	15.13782	-13.604
-20.72334	15.13782	-13.546
-20.72334	15.53562	-13.487
-20.72334	15.13782	-13.429
-21.2211	15.53562	-13.369
-20.72334	15.13782	-13.311
-20.72334	15.13782	-13.253
-20.72334	15.53562	-13.194
-20.97222	15.13782	-13.136
-21.2211	15.53562	-13.076
-20.72334	15.13782	-13.018
-21.2211	15.53562	-12.959
-21.46998	15.13782	-12.901
-20.97222	15.13782	-12.843
-20.97222	15.53562	-12.784
-20.97222	15.13782	-12.726
-21.46998	15.13782	-12.668
-20.97222	15.53562	-12.608
-21.46998	15.13782	-12.55
-21.2211	15.13782	-12.492
-21.2211	15.53562	-12.433
-20.97222	15.53562	-12.373
-20.97222	15.13782	-12.315
-20.97222	15.13782	-12.257
-20.97222	15.13782	-12.199
-20.72334	15.53562	-12.14
-20.97222	15.13782	-12.082
-21.2211	15.53562	-12.022
-21.2211	15.13782	-11.964
-20.97222	15.13782	-11.906
-20.72334	15.13782	-11.848
-21.2211	15.53562	-11.789
-20.72334	15.53562	-11.729
-20.72334	15.13782	-11.671
-21.2211	15.13782	-11.613
-20.97222	15.53562	-11.554
-20.97222	15.13782	-11.496
-20.72334	15.13782	-11.438
-20.47446	15.53562	-11.378
-20.97222	15.13782	-11.321
-20.47446	15.53562	-11.261
-20.47446	15.13782	-11.203
-20.72334	15.13782	-11.145
-20.97222	15.53562	-11.086
-20.72334	15.13782	-11.028
-20.97222	15.13782	-10.97
-21.2211	15.53562	-10.91
-20.72334	15.13782	-10.852
-20.97222	15.13782	-10.794
-20.97222	15.53562	-10.735
-20.97222	15.13782	-10.677
-20.72334	15.13782	-10.619
-20.72334	15.13782	-10.561
-21.2211	15.53562	-10.501
-20.97222	15.53562	-10.442
-20.97222	15.13782	-10.384
-21.46998	15.13782	-10.326
-21.46998	15.53562	-10.266
-20.97222	15.13782	-10.208
-20.97222	15.13782	-10.15
-21.46998	15.13782	-10.092
-21.2211	15.53562	-10.033
-21.2211	15.13782	-9.975
-21.46998	15.53562	-9.915
-21.46998	15.53562	-9.856
-21.2211	14.739	-9.8
-21.46998	15.53562	-9.74
-21.46998	15.13782	-9.682
-21.2211	15.13782	-9.624
-21.71886	15.53562	-9.565
-21.2211	15.53562	-9.505
-21.2211	15.13782	-9.447
-21.46998	15.13782	-9.389
-21.46998	15.13782	-9.331
-21.96876	15.53562	-9.272
-21.46998	15.13782	-9.214
-21.46998	15.13782	-9.156
-21.71886	15.53562	-9.096
-21.46998	15.53562	-9.037
-21.71886	15.13782	-8.979
-21.71886	15.53562	-8.919
-21.71886	15.13782	-8.861
-21.71886	15.13782	-8.803
-21.46998	15.13782	-8.745
-21.46998	15.13782	-8.687
-22.21764	15.53562	-8.628
-21.71886	15.53562	-8.568
-21.71886	15.13782	-8.51
-22.21764	15.53562	-8.451
-21.71886	14.739	-8.395
-22.46652	15.53562	-8.335
-21.96876	15.13782	-8.277
-21.96876	15.13782	-8.219
-22.21764	15.53562	-8.16
-22.21764	15.13782	-8.102
-21.96876	15.53562	-8.042
-22.46652	15.13782	-7.984
-21.96876	15.53562	-7.925
-21.71886	15.13782	-7.867
-21.46998	15.13782	-7.809
-21.46998	15.13782	-7.751
-20.97222	15.53562	-7.691
-20.72334	15.13782	-7.633
-20.72334	15.13782	-7.575
-20.22558	14.739	-7.519
-19.7268	13.94238	-7.465
-19.97568	11.95032	-7.42
-19.97568	10.35708	-7.38
-19.47792	9.16164	-7.345
-19.47792	8.76384	-7.311
-19.47792	7.96722	-7.281
-20.22558	7.1706	-7.253
-20.22558	6.77178	-7.227
-20.22558	5.97516	-7.205
-20.22558	5.17854	-7.185
-20.47446	4.38192	-7.168
-20.47446	3.9831	-7.153
-20.97222	3.9831	-7.137
-20.72334	3.9831	-7.122
-21.2211	3.18648	-7.11
-21.2211	2.78868	-7.099
-21.71886	2.38986	-7.09
-21.71886	1.99206	-7.083
-22.21764	2.38986	-7.073
-22.21764	1.59324	-7.067
-22.7154	1.99206	-7.06
-22.7154	1.59324	-7.054
-22.21764	1.19544	-7.049
-22.7154	1.19544	-7.044
-22.21764	1.19544	-7.04
-22.21764	0.79662	-7.037
-22.21764	1.19544	-7.032
-22.46652	0.79662	-7.029
-22.21764	0.79662	-7.026
-22.21764	0.39882	-7.025
-21.96876	0.39882	-7.023
-22.21764	0	-7.023
-22.46652	0	-7.023
-22.21764	0	-7.023
-22.46652	0	-7.023
-22.46652	0	-7.023
-22.21764	0	-7.023
-22.46652	0	-7.023
-22.21764	0	-7.023
-22.46652	0	-7.023
-22.46652	0	-7.023
-21.96876	0	-7.023
-22.46652	0	-7.023
-22.21764	0	-7.023
-22.21764	0	-7.023
-21.96876	0	-7.023
-21.96876	0	-7.023
-22.46652	0	-7.023
-22.46652	0	-7.023
-22.21764	0	-7.023
-22.7154	0	-7.023
-22.21764	0	-7.023
-22.46652	0	-7.023
-22.7154	0	-7.023
-22.7154	0	-7.023
-23.46204	0	-7.023
-23.71092	0	-7.023
-23.71092	0	-7.023
-24.45858	0	-7.023
-24.45858	0	-7.023
-25.20522	0	-7.023
-25.95288	0	-7.023
-26.20176	0	-7.023
-27.19728	0	-7.023
-27.44718	0	-7.023
-27.94494	0	-7.023
-28.94046	0	-7.023
-29.68812	0	-7.023
-30.18588	0	-7.023
-30.43476	0	-7.023
-31.4313	0	-7.023
-32.42682	0	-7.023
-32.9256	0	-7.023
-34.17	0	-7.023
-35.6643	0	-7.023
-36.66084	0	-7.023
-38.90178	0	-7.023
-40.39608	0	-7.023
-42.13926	0	-7.023
-44.13132	0	-7.023
-45.8745	0	-7.023
-48.36432	0	-7.023
-50.1075	0	-7.023
-52.59834	0	-7.023
-54.5904	0	-7.023
-56.83134	0	-7.023
-58.32564	0	-7.023
-60.56658	0	-7.023
-61.812	-0.39882	-7.025
-63.55518	0	-7.025
-64.8006	0	-7.025
-64.8006	0	-7.025
-64.05294	0	-7.025
-62.80854	0	-7.025
-62.55864	0	-7.025
-61.812	-0.39882	-7.026
-60.81546	-0.79662	-7.029
-60.06882	-3.5853	-7.043
-59.07228	-8.36502	-7.075
-57.82788	-13.54356	-7.127
-56.83134	-17.92548	-7.195
-55.58592	-23.10402	-7.284
-55.08816	-27.48594	-7.389
-54.09264	-32.66448	-7.514
-53.59386	-39.43728	-7.665
-53.0961	-46.60686	-7.844
-51.85068	-53.37966	-8.048
-51.6018	-61.34586	-8.283
-51.85068	-68.11866	-8.544
-51.6018	-75.28824	-8.832
-53.0961	-82.85766	-9.15
-54.83928	-91.22268	-9.499
-56.83134	-99.1899	-9.879
-59.07228	-107.55492	-10.291
-61.06536	-116.31876	-10.736
-63.55518	-123.48936	-11.209
-66.2949	-129.0657	-11.703
-68.28696	-134.64306	-12.219
-71.02566	-138.62616	-12.75
-72.51996	-142.21146	-13.295
-74.51202	-146.9922	-13.858
-76.2552	-150.5775	-14.434
-77.7495	-154.1628	-15.025
-78.49614	-157.34928	-15.627
-79.49268	-159.34134	-16.237
-80.98698	-161.7312	-16.857
-81.48474	-163.72326	-17.484
-82.2324	-165.7143	-18.118
-82.48128	-167.30754	-18.759
-83.22792	-169.2996	-19.407
-83.4768	-169.69842	-20.057
-84.22446	-171.68946	-20.715
-85.46886	-172.8849	-21.377
-86.21652	-174.08034	-22.044
-86.96316	-175.27476	-22.715
-88.20858	-175.67358	-23.388
-89.2041	-176.07138	-24.062
-90.20064	-176.868	-24.739
-91.19718	-178.06344	-25.421
-91.69494	-178.06344	-26.103
-92.69046	-178.86006	-26.788
-93.18924	-179.25888	-27.475
-94.43364	-179.65668	-28.163
-95.1813	-180.4533	-28.854
-95.1813	-180.4533	-29.545
-95.67906	-180.4533	-30.236
-96.17682	-181.24992	-30.93
-96.17682	-180.85212	-31.623
-96.6756	-182.04756	-32.32
-96.92448	-180.0555	-33.009
-97.42224	-181.64874	-33.705
-97.92	-184.0386	-34.41
-98.41878	-181.24992	-35.104
-98.41878	-182.44536	-35.803
-98.91654	-182.44536	-36.501
-98.91654	-182.04756	-37.198
-99.4143	-182.04756	-37.896
-100.16196	-182.44536	-38.594
-100.41084	-182.84418	-39.295
-100.41084	-182.44536	-39.993
-101.40636	-183.6408	-40.697
-101.40636	-183.24198	-41.398
-101.15748	-183.24198	-42.1
-100.9086	-183.24198	-42.802
-100.9086	-182.44536	-43.501
-100.65972	-182.44536	-44.199
-100.65972	-182.84418	-44.899
-101.15748	-183.24198	-45.601
-100.9086	-183.6408	-46.305
-100.9086	-184.0386	-47.009
-100.41084	-184.0386	-47.714
-99.91308	-182.84418	-48.414
-99.66318	-182.44536	-49.113
-99.4143	-182.84418	-49.813
-99.66318	-182.84418	-50.514
-98.91654	-183.24198	-51.215
-98.91654	-183.6408	-51.919
-98.91654	-184.0386	-52.623
-97.92	-184.0386	-53.328
-97.67112	-183.24198	-54.03
-97.42224	-182.84418	-54.73
-96.92448	-183.24198	-55.432
-96.42672	-182.84418	-56.132
-96.42672	-183.24198	-56.834
-95.92794	-183.6408	-57.537
-94.93242	-184.0386	-58.242
-94.93242	-184.0386	-58.947
-94.68354	-183.24198	-59.649
-93.93588	-182.84418	-60.349
-93.43812	-182.84418	-61.049
-92.69046	-183.24198	-61.751
-91.94382	-183.6408	-62.454
-90.94728	-183.6408	-63.157
-90.44952	-183.6408	-63.861
-90.6984	-183.6408	-64.564
-90.20064	-182.84418	-65.264
-89.2041	-183.24198	-65.966
-88.95522	-183.24198	-66.668
-88.20858	-184.0386	-67.372
-87.21204	-184.0386	-68.077
-86.4654	-183.6408	-68.78
-85.96764	-182.84418	-69.481
-85.96764	-182.44536	-70.179
-85.71774	-182.84418	-70.88
-85.21998	-184.0386	-71.584
-84.72222	-184.43742	-72.291
-84.9711	-184.0386	-72.996
-85.46886	-183.24198	-73.697
-86.21652	-182.84418	-74.398
-86.71428	-182.44536	-75.096
-87.71082	-181.64874	-75.792
-87.9597	-181.24992	-76.486
-88.70634	-179.25888	-77.173
-89.454	-176.07138	-77.847
-89.454	-172.8849	-78.509
-90.44952	-169.2996	-79.157
-90.6984	-166.51092	-79.795
-90.20064	-163.32444	-80.42
-89.95176	-160.13796	-81.034
-89.95176	-155.75604	-81.63
-89.454	-152.56854	-82.214
-89.454	-145.79676	-82.773
-89.454	-142.21146	-83.317
-89.2041	-138.22836	-83.847
-88.70634	-133.84644	-84.359
-88.45746	-129.0657	-84.854
-88.45746	-124.28598	-85.33
-88.45746	-118.70862	-85.784
-87.9597	-113.53008	-86.219
-87.9597	-108.75036	-86.636
-87.9597	-104.36844	-87.035
-88.20858	-99.98652	-87.418
-88.70634	-94.80798	-87.781
-88.95522	-89.62944	-88.124
-88.70634	-84.05208	-88.446
-88.70634	-78.87354	-88.748
-88.45746	-73.2972	-89.029
-88.20858	-67.71984	-89.288
-87.71082	-62.94012	-89.53
-87.46092	-57.76158	-89.751
-86.71428	-52.18422	-89.951
-85.46886	-48.20112	-90.135
-84.22446	-45.01362	-90.308
-82.48128	-41.03052	-90.465
-81.23586	-35.85198	-90.602
-80.23932	-31.47006	-90.723
-78.99492	-28.28256	-90.831
-77.25174	-25.8927	-90.93
-76.2552	-23.90064	-91.022
-74.51202	-21.51078	-91.104
-72.51996	-19.51974	-91.179
-70.77678	-17.52768	-91.246
-68.78472	-15.53562	-91.305
-66.54378	-13.94238	-91.359
-64.30182	-12.34914	-91.406
-62.30976	-11.55252	-91.45
-59.57106	-10.7559	-91.491
-57.3291	-9.16164	-91.526
-55.08816	-8.36502	-91.559
-52.59834	-7.5684	-91.587
-50.3574	-6.77178	-91.613
-48.11544	-5.97516	-91.636
-45.8745	-5.97516	-91.659
-43.88244	-4.77972	-91.677
-42.38814	-4.38192	-91.694
-41.14272	-3.9831	-91.71
-39.39954	-3.5853	-91.723
-37.1586	-3.5853	-91.737
-34.91766	-2.78868	-91.748
-32.9256	-2.78868	-91.758
-30.68364	-1.99206	-91.766
-28.94046	0.39882	-91.764
-26.45064	1.59324	-91.758
-23.71092	1.19544	-91.754
-20.72334	0.39882	-91.752
-17.73474	-0.79662	-91.755
-15.24492	-0.39882	-91.757
-12.00744	0	-91.757
-9.26772	0	-91.757
-6.52902	0.79662	-91.754
-2.79378	0	-91.754
0.69258	0	-91.754
5.67324	0	-91.754
11.40054	0	-91.754
17.12886	0	-91.754
23.85168	0	-91.754
30.07776	0.39882	-91.752
34.55964	0	-91.752
38.54478	0	-91.752
41.28348	0.39882	-91.751
43.02666	0.79662	-91.748
45.01872	0.39882	-91.746
46.51302	0.39882	-91.745
49.50162	0	-91.745
51.99144	0.39882	-91.743
55.22892	0.79662	-91.74
58.21752	3.18648	-91.728
61.70388	5.97516	-91.705
63.94482	8.76384	-91.671
66.43464	9.95928	-91.633
67.68006	9.56046	-91.597
69.17436	9.16164	-91.562
68.92548	9.56046	-91.525
68.92548	10.35708	-91.485
67.92894	12.34914	-91.438
66.68454	14.34018	-91.383
65.93688	15.93444	-91.322
64.69146	18.3243	-91.252
63.19818	22.3074	-91.166
62.45052	27.08814	-91.063
62.20164	32.66448	-90.938
61.2051	38.24184	-90.791
59.9607	44.217	-90.622
59.9607	49.79436	-90.431
58.71528	56.56614	-90.214
57.96864	62.94012	-89.973
56.9721	70.1097	-89.705
56.47434	78.07692	-89.406
57.46986	85.64532	-89.078
57.96864	93.61254	-88.719
59.9607	100.78314	-88.333
61.70388	108.75036	-87.917
64.1937	117.11538	-87.468
66.43464	124.28598	-86.993
69.17436	130.65996	-86.492
71.66418	135.43968	-85.973
74.4039	139.4238	-85.44
77.64138	143.80572	-84.889
80.62896	147.78882	-84.323
83.36868	151.37412	-83.743
85.8585	154.5606	-83.151
88.59822	157.74708	-82.547
91.08804	159.73914	-81.935
92.58234	162.52782	-81.313
95.07318	164.12106	-80.684
97.06524	165.7143	-80.05
99.0573	167.70636	-79.407
100.30272	169.69842	-78.758
101.54712	170.89284	-78.103
101.54712	171.68946	-77.446
103.04142	172.8849	-76.784
103.2903	174.08034	-76.117
103.53918	176.07138	-75.443
104.53572	174.87696	-74.773
105.03348	176.4702	-74.097
106.03002	177.26682	-73.418
107.27442	177.66564	-72.738
108.51984	178.46226	-72.054
108.51984	178.86006	-71.369
109.51638	179.65668	-70.681
110.5119	179.65668	-69.993
111.25956	180.0555	-69.304
112.25508	180.0555	-68.614
113.5005	180.85212	-67.922
114.74592	181.64874	-67.226
115.49256	180.85212	-66.533
115.99032	181.64874	-65.838
116.24022	181.64874	-65.142
116.98686	182.04756	-64.445
117.23574	181.64874	-63.749
118.48116	182.04756	-63.052
118.97892	182.44536	-62.353
119.47668	182.44536	-61.655
120.47322	182.44536	-60.956
120.47322	182.44536	-60.257
120.22434	182.84418	-59.557
119.97546	183.6408	-58.854
119.47668	182.04756	-58.157
118.73004	182.44536	-57.458
119.2278	183.24198	-56.756
119.47668	184.43742	-56.05
119.2278	181.24992	-55.356
118.23228	182.84418	-54.655
117.7335	183.24198	-53.954
116.73798	183.6408	-53.25
115.99032	183.24198	-52.549
115.24368	183.24198	-51.847
114.24714	182.84418	-51.147
113.74938	183.24198	-50.445
113.5005	183.24198	-49.743
112.50396	183.24198	-49.041
111.75732	183.24198	-48.34
110.26302	182.84418	-47.639
109.0176	183.6408	-46.936
108.02208	183.24198	-46.234
106.52778	183.24198	-45.533
105.78114	183.6408	-44.829
105.53226	183.24198	-44.128
104.28684	183.24198	-43.426
103.78908	184.43742	-42.719
102.29478	181.24992	-42.025
100.80048	184.0386	-41.321
99.30618	184.0386	-40.616
97.81188	183.6408	-39.912
96.0687	183.24198	-39.211
95.32206	182.44536	-38.512
94.32552	182.84418	-37.812
92.58234	183.6408	-37.108
90.09252	184.0386	-36.404
88.10046	184.0386	-35.699
85.60962	183.6408	-34.996
83.86644	182.84418	-34.295
82.37214	182.84418	-33.595
80.87886	182.84418	-32.895
79.13568	183.6408	-32.192
77.64138	183.6408	-31.488
75.8982	183.6408	-30.785
74.90166	183.24198	-30.083
72.9096	183.24198	-29.382
72.16296	182.84418	-28.681
70.91754	183.6408	-27.978
69.921	183.6408	-27.275
69.42324	183.6408	-26.571
69.17436	183.6408	-25.868
68.92548	182.84418	-25.168
69.17436	182.84418	-24.468
68.6766	182.84418	-23.768
67.68006	183.24198	-23.066
67.68006	181.24992	-22.372
67.92894	178.86006	-21.687
67.68006	175.27476	-21.015
68.17782	171.68946	-20.358
68.17782	170.09622	-19.706
67.1823	166.11312	-19.07
66.68454	164.51988	-18.44
65.43912	160.13796	-17.827
64.44258	155.75604	-17.231
63.94482	151.37412	-16.651
63.19818	146.59338	-16.089
62.6994	143.00808	-15.542
62.45052	139.02498	-15.009
61.95276	135.43968	-14.491
61.455	130.26114	-13.992
60.95622	125.48142	-13.511
60.70734	120.30288	-13.05
60.95622	115.92096	-12.607
60.45846	110.74242	-12.182
59.71182	105.56388	-11.778
59.71182	100.78314	-11.392
58.71528	95.20578	-11.028
58.4664	90.02724	-10.683
57.71976	84.8487	-10.358
55.97658	79.27236	-10.054
54.98004	74.49162	-9.769
53.9835	68.51646	-9.507
52.7391	63.33792	-9.264
51.74256	57.76158	-9.043
51.2448	52.58202	-8.841
49.7505	48.59892	-8.655
49.25274	45.41244	-8.481
48.00732	41.42832	-8.323
47.01078	36.24978	-8.184
46.51302	31.86786	-8.062
45.01872	28.28256	-7.954
44.0232	25.8927	-7.854
42.5289	23.90064	-7.763
41.0346	22.3074	-7.677
39.29142	19.91754	-7.601
37.05048	17.92548	-7.533
34.80954	15.53562	-7.473
32.3187	13.54356	-7.421
29.58	12.74694	-7.372
26.5914	11.55252	-7.328
23.85168	10.7559	-7.287
20.11644	9.56046	-7.25
17.12886	8.36502	-7.218
13.3926	7.5684	-7.189
10.40502	6.77178	-7.163
6.66978	5.97516	-7.141
2.68464	5.17854	-7.121
-1.0506	5.17854	-7.101
-4.28808	4.77972	-7.083
-7.77342	3.9831	-7.067
-11.25978	3.5853	-7.054
-15.74268	3.18648	-7.041
-21.2211	2.78868	-7.031
-25.95288	2.78868	-7.02
-30.93354	1.59324	-7.014
-36.16308	0.39882	-7.012
-41.14272	-1.99206	-7.02
-46.37226	-1.59324	-7.026
-51.85068	-0.79662	-7.029
-56.58246	0.39882	-7.028
-60.56658	0.79662	-7.025
-64.8006	0	-7.025
-67.78818	-0.39882	-7.026
-69.78024	-0.39882	-7.028
-72.0222	-0.39882	-7.029
-72.76884	0	-7.029
-74.01426	0	-7.029
-75.00978	0	-7.029
-75.25968	0	-7.029
-75.50856	0	-7.029
-74.51202	0	-7.029
-74.26314	0	-7.029
-73.5165	0	-7.029
-74.01426	0	-7.029
-73.2666	-0.39882	-7.031
-73.5165	-1.99206	-7.038
-73.01772	-5.57736	-7.06
-73.2666	-10.7559	-7.101
-73.2666	-15.93444	-7.162
-72.76884	-20.71416	-7.241
-73.2666	-25.4949	-7.339
-73.2666	-30.27462	-7.455
-74.01426	-35.45316	-7.591
-73.76538	-43.02156	-7.755
-73.76538	-49.79436	-7.946
-73.2666	-56.96394	-8.164
-73.01772	-64.93116	-8.413
-73.01772	-72.10176	-8.689
-73.76538	-79.27236	-8.993
-74.26314	-86.84076	-9.325
-75.75744	-95.20578	-9.69
-77.25174	-103.96962	-10.088
-78.24726	-111.14022	-10.514
-79.49268	-119.50524	-10.971
-80.7381	-127.07466	-11.458
-83.4768	-131.85438	-11.963
-85.46886	-136.63512	-12.486
-87.21204	-140.61822	-13.025
-88.70634	-144.20352	-13.577
-89.95176	-148.58544	-14.146
-91.69494	-152.56854	-14.73
-91.94382	-155.75604	-15.327
-92.44158	-158.94252	-15.935
-92.94036	-160.53576	-16.55
-93.18924	-162.92664	-17.174
-92.94036	-164.51988	-17.804
-92.94036	-166.11312	-18.44
-92.69046	-168.10518	-19.084
-91.94382	-169.69842	-19.734
-91.44606	-171.29166	-20.39
-91.44606	-172.08828	-21.049
-91.44606	-173.28372	-21.713
-91.69494	-174.47814	-22.381
-92.1927	-175.27476	-23.052
-92.1927	-175.67358	-23.725
-92.94036	-176.868	-24.402
-93.43812	-177.26682	-25.081
-93.43812	-178.06344	-25.763
-94.68354	-178.46226	-26.446
-94.93242	-178.86006	-27.131
-94.43364	-179.25888	-27.818
-94.43364	-180.4533	-28.509
-94.68354	-180.4533	-29.2
-94.43364	-180.85212	-29.893
-94.18476	-181.64874	-30.588
-93.93588	-178.86006	-31.273
-93.687	-180.4533	-31.964
-93.18924	-182.04756	-32.661
-93.18924	-182.04756	-33.359
-92.94036	-182.84418	-34.059
-92.69046	-182.44536	-34.758
-93.18924	-181.64874	-35.453
-93.43812	-181.64874	-36.149
-93.18924	-182.04756	-36.846
-93.43812	-182.04756	-37.543
-92.94036	-183.24198	-38.245
-93.18924	-183.24198	-38.947
-92.94036	-182.84418	-39.647
-93.93588	-182.84418	-40.347
-93.93588	-182.84418	-41.047
-93.43812	-182.44536	-41.746
-92.94036	-182.84418	-42.446
-92.44158	-183.24198	-43.148
-91.94382	-183.24198	-43.85
-91.69494	-183.24198	-44.552
-91.69494	-182.84418	-45.252
-91.44606	-182.84418	-45.952
-90.94728	-182.84418	-46.652
-90.20064	-183.6408	-47.356
-89.70288	-184.0386	-48.06
-89.2041	-183.6408	-48.764
-88.95522	-182.84418	-49.464
-89.454	-182.84418	-50.164
-88.95522	-182.44536	-50.863
-88.70634	-182.84418	-51.563
-88.95522	-184.0386	-52.268
-88.70634	-185.23404	-52.977
-88.70634	-182.84418	-53.677
-88.45746	-183.24198	-54.379
-87.9597	-183.24198	-55.081
-87.46092	-182.84418	-55.781
-87.21204	-182.84418	-56.481
-86.4654	-183.24198	-57.183
-86.21652	-184.0386	-57.888
-85.71774	-184.0386	-58.593
-84.9711	-183.6408	-59.296
-83.97558	-183.24198	-59.998
-83.22792	-182.84418	-60.698
-82.97904	-182.84418	-61.398
-82.48128	-183.24198	-62.1
-81.73362	-183.6408	-62.803
-80.98698	-183.6408	-63.507
-80.7381	-183.6408	-64.21
-79.99044	-184.0386	-64.915
-79.2438	-183.24198	-65.616
-79.2438	-182.84418	-66.317
-78.74604	-183.24198	-67.018
-77.7495	-183.24198	-67.72
-77.25174	-183.6408	-68.423
-77.00286	-184.0386	-69.128
-76.75296	-183.6408	-69.832
-76.2552	-182.84418	-70.532
-75.75744	-183.24198	-71.234
-76.00632	-183.6408	-71.937
-76.00632	-183.24198	-72.639
-76.00632	-183.6408	-73.342
-76.00632	-183.6408	-74.045
-77.00286	-183.24198	-74.747
-77.25174	-182.84418	-75.447
-77.50062	-181.24992	-76.141
-78.24726	-179.65668	-76.829
-78.99492	-177.26682	-77.508
-79.74156	-174.08034	-78.175
-80.23932	-171.29166	-78.831
-80.48922	-168.50298	-79.476
-80.48922	-165.3165	-80.109
-80.48922	-161.7312	-80.729
-79.99044	-157.34928	-81.331
-80.23932	-153.76398	-81.92
-79.99044	-148.98426	-82.491
-79.99044	-145.00014	-83.046
-79.49268	-140.22042	-83.583
-79.2438	-136.63512	-84.106
-79.2438	-131.05776	-84.608
-79.74156	-126.27804	-85.092
-79.99044	-120.70068	-85.554
-79.49268	-116.31876	-85.999
-79.74156	-111.93684	-86.428
-79.99044	-108.35154	-86.843
-80.48922	-100.78314	-87.229
-80.98698	-97.19784	-87.601
-80.7381	-91.6215	-87.952
-80.7381	-87.23958	-88.286
-80.48922	-81.66222	-88.599
-79.99044	-76.08486	-88.89
-79.2438	-70.90632	-89.162
-78.49614	-64.93116	-89.411
-77.99838	-60.15144	-89.641
-77.00286	-54.9729	-89.851
-75.75744	-49.79436	-90.042
-74.51202	-47.00568	-90.222
-73.5165	-43.02156	-90.387
-72.76884	-38.24184	-90.533
-71.52342	-33.85992	-90.663
-70.5279	-29.478	-90.776
-69.78024	-27.08814	-90.88
-69.28248	-24.69828	-90.974
-68.53584	-22.70622	-91.061
-67.78818	-21.11298	-91.142
-67.78818	-18.3243	-91.212
-67.5393	-16.33224	-91.275
-67.78818	-14.739	-91.331
-67.78818	-13.14576	-91.382
-67.5393	-12.34914	-91.429
-67.04154	-11.1537	-91.472
-65.54724	-9.56046	-91.508
-64.30182	-9.16164	-91.543
-63.05742	-7.96722	-91.574
-62.06088	-7.5684	-91.603
-60.56658	-6.77178	-91.629
-58.8234	-5.57736	-91.65
-57.82788	-5.17854	-91.67
-56.58246	-4.77972	-91.688
-56.83134	-4.38192	-91.705
-55.58592	-3.5853	-91.719
-54.34152	-3.5853	-91.732
-53.0961	-3.18648	-91.745
-50.85516	-3.18648	-91.757
-49.36086	-2.78868	-91.768
-47.3688	-0.39882	-91.769
-45.12786	1.19544	-91.764
-42.63702	1.19544	-91.76
-39.64842	0.79662	-91.757
-37.65636	-0.39882	-91.758
-34.91766	-0.39882	-91.76
-32.42682	0	-91.76
-30.18588	0.39882	-91.758
-28.19382	0	-91.758
-25.4541	0	-91.758
-23.71092	0	-91.758
-21.2211	0	-91.758
-18.4824	0	-91.758
-16.48932	0.39882	-91.757
-13.50174	0	-91.757
-11.0109	0	-91.757
-8.02332	0	-91.757
-5.03472	0	-91.757
-1.54836	0	-91.757
2.43576	0	-91.757
8.16408	0.39882	-91.755
15.13578	0	-91.755
23.6028	0.39882	-91.754
32.56758	0	-91.754
40.03908	0	-91.754
46.51302	0	-91.754
51.49368	0.39882	-91.752
55.4778	0.79662	-91.749
59.21304	0.79662	-91.746
62.45052	0.79662	-91.743
66.18576	0.39882	-91.742
69.921	0	-91.742
72.66072	0	-91.742
74.4039	0	-91.742
75.8982	0	-91.742
77.1426	0	-91.742
77.1426	0.39882	-91.74
77.64138	0	-91.74
78.13914	2.38986	-91.731
77.64138	5.97516	-91.708
76.89372	11.1537	-91.665
76.64484	16.33224	-91.603
75.15054	20.31636	-91.525
74.4039	25.09608	-91.429
74.15502	29.87682	-91.314
73.65726	35.85198	-91.177
73.15848	43.02156	-91.012
73.90614	50.19216	-90.82
74.4039	57.36276	-90.6
74.90166	64.93116	-90.352
76.14708	71.30514	-90.079
77.64138	79.27236	-89.775
79.38456	86.84076	-89.443
81.12774	95.20578	-89.078
83.86644	103.57182	-88.681
85.8585	111.93684	-88.253
88.8471	119.90406	-87.793
91.58682	126.67584	-87.308
94.82328	131.85438	-86.803
98.06076	136.2363	-86.282
101.54712	140.22042	-85.745
104.53572	144.60234	-85.191
107.02554	148.98426	-84.62
109.2675	153.36618	-84.033
110.5119	156.15384	-83.435
111.50844	158.1459	-82.829
112.25508	160.13796	-82.216
112.25508	162.129	-81.595
113.5005	164.51988	-80.965
114.24714	166.90974	-80.326
114.9948	168.50298	-79.681
115.49256	169.69842	-79.031
116.24022	170.89284	-78.376
116.73798	172.4871	-77.716
117.48462	172.8849	-77.054
118.23228	174.08034	-76.387
118.48116	175.27476	-75.716
119.2278	176.07138	-75.041
120.47322	177.26682	-74.362
121.96752	177.66564	-73.682
123.7107	177.66564	-73.002
124.9551	178.06344	-72.32
125.70276	179.25888	-71.633
126.94818	179.65668	-70.945
127.9437	180.4533	-70.254
128.69136	180.0555	-69.565
129.68688	180.0555	-68.875
130.68342	180.85212	-68.182
130.9323	181.24992	-67.488
131.18118	181.24992	-66.794
130.68342	181.24992	-66.1
130.68342	182.04756	-65.403
130.43454	181.64874	-64.707
130.18464	182.44536	-64.009
129.93576	182.04756	-63.311
130.43454	182.04756	-62.614
130.9323	182.44536	-61.915
131.43006	184.0386	-61.211
131.92782	180.85212	-60.518
131.67894	182.44536	-59.819
130.9323	183.24198	-59.118
131.18118	182.84418	-58.417
130.18464	183.24198	-57.716
129.93576	182.84418	-57.015
129.68688	182.44536	-56.317
129.438	183.24198	-55.615
128.69136	182.84418	-54.915
128.19258	183.24198	-54.213
126.69828	183.24198	-53.511
125.95164	183.24198	-52.809
125.95164	183.24198	-52.108
125.95164	183.24198	-51.406
125.70276	182.84418	-50.706
125.95164	183.24198	-50.004
125.95164	183.24198	-49.302
125.70276	183.24198	-48.6
124.70622	183.24198	-47.899
123.95958	183.24198	-47.197
123.21192	184.0386	-46.492
122.71416	183.24198	-45.79
121.71864	183.24198	-45.089
121.71864	182.84418	-44.388
120.47322	183.24198	-43.687
118.97892	184.0386	-42.982
117.9834	183.24198	-42.28
116.73798	183.6408	-41.577
115.24368	183.24198	-40.875
113.74938	183.24198	-40.173
112.50396	182.84418	-39.473
111.01068	183.6408	-38.77
109.51638	183.6408	-38.067
107.7732	183.24198	-37.365
106.2789	183.24198	-36.663
104.53572	185.23404	-35.954
102.29478	181.24992	-35.259
100.80048	183.24198	-34.558
99.0573	183.6408	-33.854
97.06524	183.6408	-33.151
95.57094	183.24198	-32.449
94.32552	183.24198	-31.748
93.0801	183.24198	-31.046
91.33692	183.24198	-30.344
90.09252	183.6408	-29.641
88.10046	183.6408	-28.938
87.10392	184.0386	-28.233
86.1084	182.84418	-27.533
85.60962	183.24198	-26.831
85.36074	182.84418	-26.131
85.11186	183.24198	-25.429
84.86298	183.6408	-24.726
84.11532	183.6408	-24.022
83.86644	182.84418	-23.322
83.61756	182.04756	-22.625
83.1198	179.65668	-21.937
83.1198	176.868	-21.259
83.1198	173.68152	-20.594
82.87092	171.29166	-19.938
82.62204	168.50298	-19.293
81.87438	165.3165	-18.66
80.87886	161.7312	-18.041
79.38456	157.34928	-17.438
79.13568	153.76398	-16.849
77.89026	149.38206	-16.277
77.3925	144.60234	-15.723
76.89372	139.8216	-15.188
76.14708	136.2363	-14.666
76.14708	131.45658	-14.163
75.64932	126.27804	-13.679
75.64932	121.4973	-13.214
75.15054	116.71758	-12.767
75.39942	111.53904	-12.34
75.15054	106.3605	-11.932
75.15054	101.97858	-11.542
74.90166	97.19784	-11.169
75.15054	92.41812	-10.816
75.15054	86.84076	-10.483
74.15502	81.2634	-10.172
72.9096	76.08486	-9.88
71.66418	70.50852	-9.61
70.66866	65.32998	-9.36
69.17436	60.15144	-9.13
67.92894	54.9729	-8.919
65.93688	49.79436	-8.729
63.19818	47.00568	-8.549
61.2051	42.62376	-8.385
58.71528	38.64066	-8.237
56.22546	33.85992	-8.108
53.48574	29.87682	-7.993
50.24826	26.68932	-7.891
48.00732	24.29946	-7.798
44.52096	22.70622	-7.711
41.28348	20.71416	-7.632
38.79366	18.7221	-7.56
35.05842	16.73106	-7.496
31.82094	14.34018	-7.441
29.08122	13.14576	-7.391
26.34252	11.55252	-7.346
23.35392	10.7559	-7.305
19.3698	9.95928	-7.267
15.63456	8.76384	-7.234
11.40054	8.36502	-7.202
8.41296	7.1706	-7.174
4.17894	5.97516	-7.151
0.4437	5.57736	-7.13
-4.03818	5.17854	-7.11
-8.02332	5.17854	-7.09
-11.25978	3.9831	-7.075
-14.49726	3.9831	-7.06
-18.2325	3.18648	-7.047
-23.21316	3.18648	-7.035
-27.44718	2.78868	-7.025
-31.92906	2.38986	-7.015
-35.41542	0.79662	-7.012
-39.89832	-1.19544	-7.017
-44.62908	-1.99206	-7.025
-48.36432	-1.19544	-7.029
-53.0961	0	-7.029
-56.83134	0.79662	-7.026
-59.57106	0.39882	-7.025
-63.05742	-0.39882	-7.026
-65.79612	0	-7.026
-67.5393	-0.39882	-7.028
-69.53136	0	-7.028
-70.77678	0	-7.028
-72.27108	0	-7.028
-73.2666	0	-7.028
-72.76884	0	-7.028
-72.27108	-0.39882	-7.029
-72.0222	0	-7.029
-72.0222	0	-7.029
-72.0222	0	-7.029
-71.52342	-0.79662	-7.032
-71.52342	-3.9831	-7.047
-71.27454	-7.96722	-7.078
-71.02566	-13.54356	-7.13
-70.5279	-18.3243	-7.2
-70.27902	-22.70622	-7.287
-71.02566	-27.48594	-7.392
-71.02566	-33.0633	-7.519
-71.02566	-39.43728	-7.67
-71.27454	-46.20906	-7.847
-71.52342	-53.37966	-8.051
-71.52342	-61.34586	-8.286
-71.52342	-68.11866	-8.547
-71.52342	-75.28824	-8.835
-72.76884	-82.85766	-9.153
-73.5165	-91.22268	-9.502
-75.25968	-99.5877	-9.883
-77.00286	-107.55492	-10.295
-78.24726	-115.92096	-10.739
-79.74156	-123.09054	-11.211
-82.2324	-129.86334	-11.708
-84.22446	-134.24526	-12.222
-86.4654	-138.62616	-12.753
-87.71082	-142.61028	-13.299
-89.2041	-146.19558	-13.859
-90.94728	-150.9753	-14.437
-91.94382	-154.1628	-15.028
-92.1927	-156.95046	-15.629
-92.94036	-160.13796	-16.242
-93.43812	-161.7312	-16.861
-93.18924	-163.32444	-17.487
-93.18924	-165.7143	-18.121
-92.94036	-167.30754	-18.762
-92.69046	-169.2996	-19.411
-92.1927	-170.09622	-20.062
-92.69046	-171.29166	-20.718
-92.69046	-172.8849	-21.38
-93.18924	-173.68152	-22.045
-93.687	-174.87696	-22.715
-94.43364	-176.07138	-23.389
-94.68354	-176.07138	-24.063
-94.68354	-177.26682	-24.742
-94.93242	-177.66564	-25.423
-94.93242	-178.06344	-26.105
-95.43018	-178.46226	-26.788
-95.92794	-179.25888	-27.475
-96.17682	-179.65668	-28.163
-96.17682	-180.4533	-28.854
-96.17682	-180.85212	-29.546
-95.43018	-180.85212	-30.239
-95.92794	-180.4533	-30.93
-95.43018	-180.85212	-31.623
-95.67906	-180.85212	-32.315
-95.67906	-181.64874	-33.011
-95.1813	-181.24992	-33.705
-95.43018	-182.84418	-34.405
-95.43018	-182.84418	-35.105
-95.1813	-182.44536	-35.804
-95.1813	-181.64874	-36.5
-95.43018	-182.04756	-37.197
-95.43018	-182.04756	-37.894
-95.43018	-182.44536	-38.593
-95.1813	-182.84418	-39.293
-94.93242	-183.24198	-39.995
-94.68354	-183.6408	-40.698
-94.43364	-183.24198	-41.4
-94.43364	-182.44536	-42.099
-94.68354	-182.84418	-42.799
-94.18476	-182.44536	-43.497
-93.18924	-182.84418	-44.198
-93.18924	-183.6408	-44.901
-92.94036	-183.24198	-45.603
-92.94036	-183.6408	-46.306
-92.94036	-183.24198	-47.008
-92.44158	-183.24198	-47.71
-91.94382	-182.84418	-48.41
-91.94382	-182.84418	-49.11
-91.69494	-183.6408	-49.813
-91.44606	-183.6408	-50.517
-90.94728	-183.24198	-51.218
-90.94728	-182.84418	-51.919
-90.94728	-183.24198	-52.62
-90.44952	-183.24198	-53.322
-89.95176	-184.43742	-54.028
-89.70288	-182.84418	-54.729
-89.2041	-184.0386	-55.433
-88.95522	-183.24198	-56.135
-88.95522	-182.84418	-56.835
-88.45746	-182.84418	-57.536
-88.45746	-183.24198	-58.237
-88.20858	-183.6408	-58.941
-87.46092	-184.0386	-59.645
-87.21204	-184.0386	-60.35
-86.96316	-184.83522	-61.058
-86.21652	-181.24992	-61.752
-86.21652	-182.44536	-62.451
-84.72222	-183.24198	-63.153
-84.47334	-184.0386	-63.858
-83.4768	-184.0386	-64.562
-82.73016	-184.0386	-65.267
-81.9825	-183.6408	-65.97
-81.9825	-182.44536	-66.669
-81.23586	-182.84418	-67.369
-80.7381	-182.84418	-68.07
-79.99044	-184.0386	-68.774
-78.99492	-184.0386	-69.479
-77.99838	-184.0386	-70.184
-77.99838	-183.24198	-70.886
-77.25174	-183.24198	-71.587
-77.50062	-182.84418	-72.288
-77.7495	-182.84418	-72.988
-77.7495	-183.24198	-73.69
-77.99838	-184.0386	-74.395
-78.49614	-183.6408	-75.098
-79.2438	-182.84418	-75.798
-80.48922	-180.4533	-76.489
-81.73362	-177.66564	-77.169
-82.48128	-175.27476	-77.841
-83.22792	-172.8849	-78.503
-83.4768	-170.49504	-79.156
-83.97558	-167.30754	-79.796
-84.47334	-163.32444	-80.422
-85.21998	-159.73914	-81.034
-85.46886	-154.95942	-81.627
-85.21998	-151.37412	-82.207
-84.9711	-146.9922	-82.77
-84.47334	-143.4069	-83.319
-84.22446	-138.62616	-83.85
-84.72222	-133.44762	-84.361
-84.22446	-128.6679	-84.854
-84.72222	-123.48936	-85.327
-84.22446	-118.70862	-85.781
-84.22446	-113.9289	-86.218
-84.47334	-109.14816	-86.636
-84.22446	-104.76624	-87.037
-84.47334	-99.98652	-87.42
-85.21998	-94.40916	-87.781
-84.9711	-88.83282	-88.121
-84.9711	-84.4509	-88.445
-84.72222	-78.87354	-88.747
-84.22446	-73.695	-89.029
-84.22446	-68.11866	-89.29
-84.47334	-62.94012	-89.531
-83.72568	-56.96394	-89.749
-83.4768	-52.18422	-89.949
-82.73016	-48.20112	-90.134
-81.73362	-45.41244	-90.308
-80.48922	-41.03052	-90.465
-79.99044	-35.85198	-90.602
-78.99492	-31.47006	-90.723
-77.7495	-28.28256	-90.831
-76.50408	-25.4949	-90.928
-75.50856	-23.90064	-91.02
-75.00978	-21.9096	-91.104
-73.76538	-19.51974	-91.179
-73.5165	-17.52768	-91.246
-72.76884	-15.53562	-91.305
-72.0222	-13.94238	-91.359
-71.52342	-12.34914	-91.406
-70.77678	-11.55252	-91.45
-70.77678	-10.7559	-91.491
-70.03014	-9.56046	-91.528
-70.27902	-8.36502	-91.56
-69.53136	-7.5684	-91.589
-69.0336	-6.77178	-91.615
-68.03808	-6.37398	-91.639
-66.2949	-5.57736	-91.661
-64.55172	-5.57736	-91.682
-63.3063	-4.38192	-91.699
-61.812	-3.9831	-91.714
-59.81994	-3.5853	-91.728
-57.579	-3.18648	-91.74
-54.83928	-3.5853	-91.754
-52.10058	-2.38986	-91.763
-50.3574	-1.99206	-91.771
-47.86656	0.79662	-91.768
-45.8745	1.59324	-91.761
-43.63356	1.19544	-91.757
-42.38814	0	-91.757
-40.64496	-0.39882	-91.758
-39.64842	-0.39882	-91.76
-37.65636	0.39882	-91.758
-36.41196	0	-91.758
-35.16654	0	-91.758
-33.42336	0	-91.758
-31.18242	0	-91.758
-28.19382	0	-91.758
-25.95288	0	-91.758
-22.7154	0	-91.758
-18.98016	0.39882	-91.757
-15.4938	-0.39882	-91.758
-11.25978	0.39882	-91.757
-7.02678	0	-91.757
-2.04612	0	-91.757
3.68118	0.39882	-91.755
9.65736	0	-91.755
16.87896	0.39882	-91.754
24.84822	0	-91.754
32.81646	0.39882	-91.752
40.28796	0	-91.752
46.51302	0.39882	-91.751
52.24032	0.39882	-91.749
57.22098	0.39882	-91.748
62.20164	0.39882	-91.746
65.93688	0.79662	-91.743
69.42324	0	-91.743
71.66418	0.39882	-91.742
73.65726	0	-91.742
74.65278	0	-91.742
75.39942	0	-91.742
75.15054	0	-91.742
75.64932	1.59324	-91.735
75.39942	3.9831	-91.72
74.90166	8.36502	-91.688
74.15502	13.14576	-91.638
73.65726	18.3243	-91.568
72.41184	22.70622	-91.481
72.41184	27.48594	-91.375
71.16642	33.0633	-91.249
71.16642	39.43728	-91.098
71.16642	46.60686	-90.919
71.4153	53.77746	-90.713
72.16296	60.94806	-90.48
72.66072	68.11866	-90.219
74.15502	75.28824	-89.931
75.39942	82.85766	-89.613
77.89026	90.82386	-89.266
79.88232	99.5877	-88.884
81.6255	107.95374	-88.471
83.1198	115.92096	-88.027
85.60962	123.48936	-87.554
87.60168	129.0657	-87.06
90.09252	134.24526	-86.546
93.0801	138.22836	-86.016
95.32206	142.61028	-85.47
98.06076	146.9922	-84.907
101.54712	150.9753	-84.329
103.53918	154.1628	-83.739
105.53226	157.34928	-83.136
107.52432	159.34134	-82.526
109.0176	161.33238	-81.908
110.01414	163.72326	-81.281
111.50844	165.7143	-80.646
113.00274	167.30754	-80.005
113.5005	169.2996	-79.357
114.74592	172.4871	-78.697
115.49256	169.69842	-78.047
115.49256	172.4871	-77.386
116.24022	173.68152	-76.721
116.4891	174.87696	-76.051
116.4891	176.07138	-75.377
117.48462	176.868	-74.7
118.73004	176.4702	-74.024
120.22434	177.26682	-73.345
121.46976	178.06344	-72.663
122.2164	178.86006	-71.978
122.71416	179.65668	-71.29
123.95958	180.4533	-70.599
124.9551	180.0555	-69.909
125.70276	180.0555	-69.22
126.94818	180.0555	-68.53
127.9437	180.85212	-67.838
128.69136	181.64874	-67.142
129.438	181.64874	-66.446
129.68688	181.64874	-65.751
129.93576	181.24992	-65.057
130.18464	182.04756	-64.359
129.68688	182.44536	-63.661
129.68688	182.44536	-62.962
129.93576	182.44536	-62.263
129.93576	182.44536	-61.565
130.43454	182.04756	-60.867
130.43454	182.44536	-60.169
130.18464	182.84418	-59.468
130.18464	183.24198	-58.767
130.43454	182.84418	-58.067
130.18464	182.84418	-57.366
130.68342	182.84418	-56.666
130.9323	184.43742	-55.96
130.43454	180.85212	-55.267
129.93576	183.24198	-54.565
129.438	183.6408	-53.862
128.94024	183.6408	-53.159
128.19258	183.24198	-52.457
127.44594	182.84418	-51.757
127.19706	183.24198	-51.055
127.19706	182.84418	-50.355
126.4494	183.24198	-49.653
125.95164	183.24198	-48.951
125.205	183.6408	-48.248
123.95958	183.24198	-47.546
123.7107	183.24198	-46.845
123.46182	183.6408	-46.141
122.46528	182.84418	-45.441
121.46976	183.24198	-44.739
120.7221	183.6408	-44.036
119.97546	183.6408	-43.333
118.97892	183.24198	-42.631
117.9834	183.24198	-41.929
115.99032	182.84418	-41.229
114.24714	184.0386	-40.524
112.75386	183.6408	-39.821
111.75732	183.24198	-39.119
110.76078	183.24198	-38.417
109.51638	183.24198	-37.716
108.27096	182.84418	-37.015
107.02554	183.6408	-36.312
105.03348	183.24198	-35.61
103.04142	184.0386	-34.906
102.29478	183.6408	-34.202
101.04936	182.84418	-33.502
99.80394	182.84418	-32.802
98.30964	183.24198	-32.1
97.31412	183.6408	-31.397
95.07318	183.6408	-30.694
93.57888	184.0386	-29.989
91.58682	183.6408	-29.285
90.09252	182.84418	-28.585
88.59822	182.84418	-27.885
87.60168	183.24198	-27.183
86.60616	182.84418	-26.483
86.35728	184.0386	-25.778
85.8585	184.0386	-25.073
85.36074	183.6408	-24.37
84.86298	183.24198	-23.668
84.36522	181.64874	-22.973
85.11186	180.4533	-22.282
84.86298	178.06344	-21.6
84.6141	175.67358	-20.927
84.36522	173.28372	-20.263
84.11532	170.09622	-19.612
83.61756	166.90974	-18.973
83.36868	163.32444	-18.347
82.12326	158.94252	-17.739
80.62896	155.75604	-17.142
79.63344	151.77192	-16.561
78.6369	146.9922	-15.998
77.3925	142.61028	-15.452
76.89372	137.82954	-14.924
75.64932	133.84644	-14.411
75.15054	128.6679	-13.919
74.15502	124.28598	-13.443
73.65726	118.70862	-12.988
73.90614	113.9289	-12.552
73.40736	109.14816	-12.134
72.9096	104.36844	-11.734
72.66072	99.5877	-11.353
72.16296	94.80798	-10.989
71.4153	89.23062	-10.648
70.66866	84.05208	-10.326
69.42324	78.87354	-10.024
67.43118	73.2972	-9.743
65.93688	68.11866	-9.482
63.44706	62.5413	-9.243
61.455	57.76158	-9.022
59.21304	52.18422	-8.822
56.9721	48.20112	-8.637
54.48228	44.61582	-8.466
52.24032	40.6317	-8.311
50.24826	36.24978	-8.172
48.2562	31.86786	-8.05
46.7619	28.28256	-7.941
45.76638	25.09608	-7.845
44.0232	23.50284	-7.755
42.03114	21.9096	-7.671
40.28796	19.51974	-7.597
38.2959	17.92548	-7.528
35.80506	15.53562	-7.468
33.06636	13.94238	-7.415
30.57552	12.74694	-7.366
28.0857	11.1537	-7.324
25.0971	9.95928	-7.285
22.60728	9.56046	-7.249
18.62214	8.76384	-7.215
14.8869	7.5684	-7.186
11.64942	6.37398	-7.162
8.16408	5.97516	-7.139
4.9266	5.17854	-7.119
0.4437	5.17854	-7.099
-2.79378	4.77972	-7.081
-5.78136	3.9831	-7.066
-9.5166	3.5853	-7.052
-13.50174	3.18648	-7.04
-17.98362	2.78868	-7.029
-23.46204	2.78868	-7.018
-27.44718	2.38986	-7.009
-31.68018	-0.39882	-7.011
-35.6643	-2.38986	-7.02
-40.39608	-1.99206	-7.028
-44.3802	-0.39882	-7.029
-47.61768	0.79662	-7.026
-51.35292	0.79662	-7.023
-54.09264	0	-7.023
-56.83134	-0.39882	-7.025
-59.32218	-0.39882	-7.026
-61.31424	-0.39882	-7.028
-62.55864	0	-7.028
-63.05742	0.39882	-7.026
-62.30976	-0.39882	-7.028
-62.30976	0	-7.028
-62.06088	0	-7.028
-61.31424	0	-7.028
-60.56658	-1.19544	-7.032
-59.81994	-3.5853	-7.046
-59.57106	-7.96722	-7.076
-58.8234	-13.54356	-7.128
-58.07676	-17.92548	-7.197
-57.579	-23.10402	-7.285
-58.32564	-27.48594	-7.391
-58.57452	-33.0633	-7.517
-59.07228	-39.03846	-7.667
-60.3177	-46.20906	-7.844
-60.81546	-53.77746	-8.05
-61.56312	-60.94806	-8.283
-62.80854	-68.51646	-8.546
-64.05294	-75.28824	-8.834
-65.29836	-83.65428	-9.154
-67.04154	-90.42606	-9.501
-69.28248	-99.1899	-9.88
-71.02566	-107.95374	-10.294
-72.76884	-116.31876	-10.739
-74.26314	-123.48936	-11.212
-76.75296	-129.0657	-11.706
-78.49614	-134.64306	-12.222
-80.48922	-138.62616	-12.753
-82.48128	-142.21146	-13.298
-84.22446	-146.59338	-13.859
-85.71774	-150.5775	-14.436
-86.96316	-154.1628	-15.026
-87.9597	-156.95046	-15.627
-88.45746	-160.13796	-16.24
-89.454	-162.129	-16.861
-89.2041	-163.32444	-17.487
-89.2041	-165.3165	-18.12
-89.70288	-167.30754	-18.761
-89.454	-168.9018	-19.407
-88.70634	-170.49504	-20.06
-88.95522	-171.68946	-20.718
-89.2041	-172.8849	-21.38
-88.95522	-174.08034	-22.047
-89.2041	-174.47814	-22.715
-90.44952	-175.67358	-23.388
-90.6984	-176.07138	-24.062
-90.6984	-177.26682	-24.741
-91.44606	-177.66564	-25.421
-92.44158	-178.06344	-26.103
-92.69046	-178.46226	-26.787
-92.94036	-179.25888	-27.473
-92.94036	-180.0555	-28.163
-92.69046	-180.85212	-28.855
-92.44158	-180.85212	-29.548
-91.94382	-180.4533	-30.239
-91.69494	-180.0555	-30.928
-91.69494	-180.4533	-31.62
-90.6984	-181.24992	-32.314
-90.44952	-181.64874	-33.009
-89.95176	-182.44536	-33.708
-89.95176	-182.44536	-34.407
-90.20064	-182.44536	-35.105
-90.44952	-182.04756	-35.803
-90.6984	-181.24992	-36.497
-90.6984	-181.64874	-37.192
-90.94728	-182.84418	-37.893
-90.6984	-182.84418	-38.593
-90.94728	-183.6408	-39.296
-91.44606	-183.24198	-39.998
-91.44606	-182.84418	-40.698
-91.19718	-182.44536	-41.397
-91.44606	-182.44536	-42.095
-91.19718	-182.84418	-42.796
-89.95176	-183.24198	-43.497
-89.70288	-185.23404	-44.207
-89.70288	-181.24992	-44.901
-89.95176	-182.84418	-45.601
-89.70288	-183.24198	-46.303
-89.2041	-183.24198	-47.005
-88.95522	-183.6408	-47.708
-87.9597	-184.0386	-48.413
-87.9597	-183.24198	-49.115
-88.45746	-182.84418	-49.815
-88.45746	-182.44536	-50.514
-87.71082	-182.44536	-51.212
-87.9597	-183.6408	-51.915
-87.46092	-184.0386	-52.62
-86.96316	-184.43742	-53.327
-86.4654	-183.6408	-54.03
-86.71428	-182.84418	-54.73
-86.71428	-182.84418	-55.43
-86.71428	-182.44536	-56.129
-86.21652	-183.24198	-56.831
-85.71774	-184.0386	-57.536
-84.9711	-184.0386	-58.24
-85.21998	-184.0386	-58.945
-84.72222	-183.6408	-59.649
-83.97558	-182.44536	-60.347
-83.72568	-182.84418	-61.047
-83.4768	-182.84418	-61.748
-82.48128	-183.6408	-62.451
-81.73362	-184.0386	-63.156
-81.23586	-184.0386	-63.861
-80.48922	-183.6408	-64.564
-80.23932	-182.84418	-65.264
-79.49268	-182.84418	-65.964
-78.74604	-183.24198	-66.666
-77.50062	-183.6408	-67.369
-76.75296	-184.0386	-68.074
-76.2552	-183.6408	-68.777
-76.00632	-183.6408	-69.481
-75.50856	-182.84418	-70.181
-75.75744	-182.84418	-70.881
-75.25968	-183.24198	-71.583
-75.75744	-183.6408	-72.286
-76.00632	-184.0386	-72.991
-76.50408	-184.0386	-73.696
-77.7495	-183.24198	-74.398
-78.74604	-182.84418	-75.098
-79.2438	-181.64874	-75.793
-79.99044	-180.4533	-76.485
-80.98698	-178.86006	-77.169
-81.73362	-176.07138	-77.844
-82.48128	-173.28372	-78.507
-82.48128	-170.49504	-79.16
-82.48128	-165.3165	-79.793
-82.2324	-163.72326	-80.42
-82.73016	-159.73914	-81.032
-82.48128	-155.75604	-81.629
-82.48128	-151.37412	-82.208
-82.2324	-146.9922	-82.771
-81.9825	-142.61028	-83.317
-81.9825	-138.22836	-83.847
-82.48128	-133.84644	-84.359
-82.48128	-128.6679	-84.852
-82.73016	-123.88716	-85.327
-82.73016	-118.70862	-85.781
-82.97904	-113.9289	-86.218
-83.4768	-109.54698	-86.637
-84.22446	-104.36844	-87.037
-83.97558	-99.5877	-87.418
-84.22446	-94.40916	-87.78
-84.72222	-89.62944	-88.123
-85.21998	-84.05208	-88.445
-84.72222	-79.67016	-88.75
-84.47334	-72.89838	-89.029
-84.22446	-68.11866	-89.29
-84.22446	-62.5413	-89.53
-83.4768	-57.36276	-89.749
-82.73016	-52.18422	-89.949
-81.73362	-48.59892	-90.135
-80.48922	-45.01362	-90.308
-79.49268	-41.03052	-90.465
-78.24726	-35.85198	-90.602
-77.25174	-31.47006	-90.723
-76.50408	-27.88476	-90.829
-75.00978	-25.8927	-90.928
-74.7609	-23.90064	-91.02
-73.5165	-21.9096	-91.104
-73.01772	-19.51974	-91.179
-73.01772	-17.12886	-91.244
-72.0222	-15.93444	-91.305
-72.0222	-13.94238	-91.359
-71.02566	-12.34914	-91.406
-71.02566	-11.95032	-91.452
-70.77678	-10.35708	-91.491
-70.27902	-9.16164	-91.526
-70.5279	-8.36502	-91.559
-70.03014	-7.96722	-91.589
-70.5279	-6.77178	-91.615
-70.03014	-6.37398	-91.639
-69.28248	-5.57736	-91.661
-68.03808	-5.17854	-91.681
-67.5393	-4.77972	-91.699
-66.54378	-3.9831	-91.714
-65.54724	-3.5853	-91.728
-63.05742	-3.18648	-91.74
-61.31424	-3.5853	-91.754
-58.57452	-2.78868	-91.764
-56.83134	-1.59324	-91.771
-54.09264	0.39882	-91.769
-52.10058	1.59324	-91.763
-49.11198	1.19544	-91.758
-47.11992	0	-91.758
-44.3802	-0.39882	-91.76
-42.63702	-0.39882	-91.761
-40.1472	0.39882	-91.76
-37.90524	0	-91.76
-36.16308	0	-91.76
-33.92112	0.39882	-91.758
-32.42682	-0.39882	-91.76
-30.43476	0.39882	-91.758
-27.69606	0	-91.758
-25.95288	0	-91.758
-23.71092	0	-91.758
-20.97222	0	-91.758
-18.73128	0	-91.758
-15.99156	0	-91.758
-12.25632	0	-91.758
-9.01884	0.39882	-91.757
-4.78584	0	-91.757
-0.30294	0	-91.757
5.42436	0	-91.757
11.15166	0.39882	-91.755
18.12438	0	-91.755
24.84822	0.39882	-91.754
32.3187	0.39882	-91.752
40.03908	0	-91.752
47.26068	0	-91.752
53.9835	0.39882	-91.751
59.9607	0.79662	-91.748
64.94136	0.39882	-91.746
69.921	0.39882	-91.745
72.66072	0.39882	-91.743
74.90166	0	-91.743
75.15054	0	-91.743
74.65278	0.39882	-91.742
74.4039	0.39882	-91.74
73.40736	0.39882	-91.739
72.41184	2.38986	-91.729
71.66418	5.57736	-91.708
71.4153	10.7559	-91.667
70.66866	15.53562	-91.607
71.4153	20.71416	-91.528
71.4153	25.09608	-91.432
71.91408	30.27462	-91.316
72.41184	36.24978	-91.177
73.40736	43.02156	-91.012
74.65278	49.79436	-90.822
76.89372	57.76158	-90.6
78.88578	64.53336	-90.353
81.12774	72.10176	-90.077
83.61756	79.27236	-89.774
86.1084	86.44296	-89.443
88.34934	92.81592	-89.087
90.3414	98.79108	-88.709
92.08458	103.173	-88.314
94.32552	106.7583	-87.905
96.31758	110.3436	-87.482
98.30964	113.9289	-87.046
100.05282	117.5142	-86.596
102.0459	120.70068	-86.134
103.78908	122.69274	-85.664
105.53226	125.48142	-85.183
106.52778	127.47246	-84.695
108.27096	129.86334	-84.198
109.51638	131.05776	-83.696
110.5119	133.04982	-83.186
110.76078	133.44762	-82.675
112.0062	134.64306	-82.16
113.5005	135.8385	-81.639
113.99826	137.43174	-81.113
114.49704	138.22836	-80.584
115.24368	139.8216	-80.048
115.99032	139.8216	-79.513
116.24022	140.22042	-78.976
116.73798	141.01704	-78.436
117.48462	141.41484	-77.894
117.9834	142.61028	-77.348
118.48116	142.61028	-76.802
118.48116	143.00808	-76.254
118.97892	143.00808	-75.706
119.2278	143.80572	-75.156
119.97546	143.80572	-74.605
120.97098	144.20352	-74.053
121.71864	144.60234	-73.499
121.96752	144.60234	-72.945
122.71416	145.00014	-72.39
123.7107	145.39896	-71.833
124.45734	145.39896	-71.276
124.70622	145.79676	-70.718
125.205	145.39896	-70.161
125.45388	145.39896	-69.604
124.70622	145.79676	-69.046
124.45734	145.79676	-68.488
124.70622	146.19558	-67.928
125.205	146.9922	-67.365
124.70622	144.60234	-66.811
125.205	146.19558	-66.251
124.9551	146.59338	-65.69
124.70622	146.59338	-65.128
124.20846	146.19558	-64.568
124.20846	146.19558	-64.009
124.45734	145.79676	-63.45
123.95958	146.19558	-62.89
123.95958	146.59338	-62.329
124.20846	146.9922	-61.766
124.20846	146.9922	-61.203
124.20846	146.19558	-60.643
124.45734	146.59338	-60.082
124.20846	146.9922	-59.519
123.46182	146.19558	-58.959
122.2164	146.9922	-58.396
121.71864	146.19558	-57.836
120.7221	146.59338	-57.275
119.47668	146.59338	-56.713
118.48116	146.9922	-56.15
117.7335	146.59338	-55.589
116.98686	146.59338	-55.028
116.73798	146.19558	-54.468
116.4891	146.9922	-53.905
116.4891	146.9922	-53.342
116.4891	146.59338	-52.78
116.4891	146.59338	-52.219
116.73798	146.9922	-51.656
116.73798	146.19558	-51.096
116.73798	146.59338	-50.535
116.98686	146.9922	-49.972
116.73798	146.9922	-49.409
116.24022	146.59338	-48.848
115.74144	146.59338	-48.286
114.9948	147.39	-47.722
113.99826	146.59338	-47.16
112.25508	147.39	-46.596
111.25956	145.39896	-46.039
111.25956	146.59338	-45.478
109.76526	146.9922	-44.915
109.0176	146.9922	-44.352
108.51984	146.59338	-43.79
107.52432	146.59338	-43.229
106.52778	148.18662	-42.661
106.03002	144.60234	-42.108
105.28236	146.9922	-41.545
103.78908	147.39	-40.98
102.0459	146.9922	-40.417
100.80048	146.59338	-39.856
99.80394	146.19558	-39.296
99.30618	146.59338	-38.735
98.06076	146.59338	-38.173
97.81188	146.59338	-37.612
96.81636	146.59338	-37.05
95.32206	147.39	-36.486
94.5744	146.9922	-35.923
93.57888	146.9922	-35.36
93.0801	146.19558	-34.8
91.8357	146.19558	-34.24
90.83916	146.59338	-33.679
89.84364	146.9922	-33.116
88.8471	146.9922	-32.553
87.60168	147.39	-31.989
86.85504	146.59338	-31.427
85.11186	146.9922	-30.864
84.6141	145.39896	-30.308
83.1198	146.59338	-29.746
81.37662	147.39	-29.182
79.38456	148.18662	-28.614
77.1426	145.79676	-28.056
75.8982	146.19558	-27.496
74.65278	146.19558	-26.936
72.66072	146.59338	-26.375
71.66418	146.59338	-25.813
69.921	146.9922	-25.25
68.17782	146.9922	-24.687
66.93342	146.9922	-24.124
65.43912	146.59338	-23.563
63.94482	146.59338	-23.002
62.20164	146.59338	-22.44
60.95622	146.59338	-21.879
59.46192	146.19558	-21.319
59.21304	147.39	-20.755
58.71528	146.59338	-20.193
57.96864	146.9922	-19.63
57.71976	146.59338	-19.069
56.9721	146.19558	-18.509
56.47434	146.19558	-17.949
56.22546	144.20352	-17.397
56.22546	141.01704	-16.857
56.22546	138.22836	-16.327
56.72322	137.03292	-15.803
56.47434	131.45658	-15.299
57.22098	130.26114	-14.8
56.9721	126.67584	-14.315
57.96864	122.69274	-13.845
57.96864	118.31082	-13.392
58.21752	114.3267	-12.954
58.21752	109.94478	-12.533
59.21304	105.56388	-12.129
59.46192	101.18196	-11.742
59.46192	97.19784	-11.369
58.96416	92.41812	-11.015
59.21304	88.0362	-10.678
58.71528	83.25546	-10.359
58.21752	78.47574	-10.059
56.72322	72.89838	-9.78
55.97658	68.11866	-9.519
55.4778	62.94012	-9.278
55.4778	58.15938	-9.055
54.98004	52.58202	-8.854
53.9835	48.20112	-8.669
52.98798	45.01362	-8.497
52.7391	41.42832	-8.338
51.49368	37.0464	-8.196
51.49368	32.66448	-8.071
51.2448	28.68138	-7.961
50.74704	25.8927	-7.862
50.49714	23.90064	-7.771
49.99938	21.9096	-7.687
50.24826	20.31636	-7.609
49.25274	17.92548	-7.54
49.00386	15.53562	-7.481
48.75396	14.34018	-7.426
48.2562	12.74694	-7.377
47.50956	11.95032	-7.331
47.01078	10.35708	-7.292
46.51302	9.56046	-7.255
45.76638	8.76384	-7.221
45.01872	7.96722	-7.191
44.27208	6.77178	-7.165
43.52442	6.37398	-7.141
43.27554	5.57736	-7.119
42.77778	5.17854	-7.099
42.77778	4.77972	-7.081
43.52442	3.9831	-7.066
44.27208	3.9831	-7.05
44.52096	3.18648	-7.038
44.76984	2.78868	-7.028
44.27208	2.78868	-7.017
44.52096	2.78868	-7.006
43.77432	1.19544	-7.002
43.52442	-0.79662	-7.005
42.5289	-1.19544	-7.009
41.78226	-0.79662	-7.012
40.78572	0.39882	-7.011
39.04254	0.39882	-7.009
38.046	0	-7.009
36.55272	-0.39882	-7.011
34.55964	0	-7.011
33.56412	0.39882	-7.009
31.82094	-0.39882	-7.011
30.8244	0	-7.011
29.82888	0	-7.011
28.0857	0	-7.011
27.33804	0	-7.011
25.84374	0	-7.011
24.84822	0	-7.011
24.35046	0	-7.011
23.35392	0	-7.011
22.1085	0	-7.011
20.8641	0	-7.011
19.61868	0	-7.011
18.37326	-0.39882	-7.012
17.37774	0.39882	-7.011
16.13232	-0.39882	-7.012
14.63802	0	-7.012
13.14372	0	-7.012
11.89932	0	-7.012
10.40502	0	-7.012
8.41296	0	-7.012
7.16754	0	-7.012
5.92212	0	-7.012
5.17548	0	-7.012
3.68118	0	-7.012
2.68464	0	-7.012
1.938	-0.39882	-7.014
0.69258	0	-7.014
-0.30294	0	-7.014
-1.29948	0	-7.014
-2.04612	0	-7.014
-2.5449	-0.39882	-7.015
-3.7893	-1.19544	-7.02
-4.28808	-1.99206	-7.028
-5.78136	-3.5853	-7.041
-6.7779	-4.77972	-7.06
-7.52454	-5.97516	-7.083
-8.2722	-7.96722	-7.113
-9.26772	-8.76384	-7.147
-10.51314	-10.35708	-7.186
-11.25978	-11.95032	-7.232
-11.50968	-13.14576	-7.282
-12.25632	-13.94238	-7.336
-13.00296	-15.53562	-7.395
-13.00296	-16.73106	-7.459
-13.50174	-17.92548	-7.528
-13.75062	-19.12092	-7.601
-13.9995	-19.91754	-7.677
-14.24838	-21.11298	-7.758
-14.99604	-22.70622	-7.845
-15.24492	-23.50284	-7.935
-15.74268	-24.69828	-8.03
-16.24044	-25.09608	-8.126
-16.73922	-26.29152	-8.227
-17.48586	-27.88476	-8.333
-18.4824	-28.28256	-8.442
-18.73128	-29.478	-8.555
-19.22904	-30.27462	-8.671
-19.22904	-31.47006	-8.791
-19.7268	-32.26668	-8.915
-19.97568	-33.0633	-9.041
-19.97568	-33.85992	-9.171
-19.97568	-34.65654	-9.304
-19.7268	-35.85198	-9.441
-19.97568	-36.24978	-9.58
-19.97568	-37.44522	-9.723
-19.47792	-37.84302	-9.868
-19.7268	-38.64066	-10.016
-20.22558	-39.43728	-10.167
-19.7268	-40.2339	-10.321
-20.22558	-41.03052	-10.478
-20.72334	-41.82714	-10.639
-20.72334	-42.62376	-10.802
-20.97222	-43.02156	-10.967
-21.71886	-43.42038	-11.133
-21.71886	-44.217	-11.302
-22.7154	-45.01362	-11.475
-22.96428	-45.81024	-11.65
-22.7154	-46.20906	-11.827
-22.96428	-46.60686	-12.005
-22.96428	-47.8023	-12.189
-22.7154	-47.8023	-12.372
-23.21316	-48.99774	-12.559
-22.96428	-48.59892	-12.745
-22.46652	-49.39554	-12.935
-21.96876	-50.19216	-13.127
-21.96876	-50.98878	-13.322
-21.71886	-51.3876	-13.519
-21.96876	-51.7854	-13.717
-21.2211	-51.7854	-13.915
-20.97222	-52.98084	-14.118
-20.72334	-53.37966	-14.323
-19.97568	-53.37966	-14.527
-20.22558	-53.77746	-14.733
-19.7268	-54.57408	-14.942
-18.98016	-54.9729	-15.153
-18.73128	-55.3707	-15.365
-18.2325	-56.16732	-15.58
-17.73474	-56.56614	-15.796
-17.98362	-56.56614	-16.013
-17.73474	-56.56614	-16.23
-16.9881	-56.96394	-16.448
-16.9881	-58.15938	-16.671
-17.23698	-58.15938	-16.893
-16.48932	-58.5582	-17.118
-16.73922	-58.956	-17.343
-15.99156	-59.35482	-17.571
-16.24044	-59.35482	-17.798
-15.74268	-59.75262	-18.027
-15.4938	-60.15144	-18.257
-15.24492	-60.54924	-18.489
-14.74614	-61.34586	-18.724
-14.99604	-60.94806	-18.957
-14.49726	-61.34586	-19.192
-14.49726	-61.74468	-19.429
-14.74614	-62.14248	-19.667
-14.74614	-62.14248	-19.905
-14.24838	-62.94012	-20.146
-14.49726	-62.94012	-20.387
-14.24838	-62.94012	-20.628
-13.9995	-63.73674	-20.872
-14.24838	-63.33792	-21.115
-13.9995	-64.13454	-21.36
-13.9995	-64.13454	-21.606
-13.9995	-64.53336	-21.853
-13.75062	-64.53336	-22.1
-13.00296	-64.93116	-22.349
-13.00296	-65.72778	-22.6
-13.25286	-65.32998	-22.851
-12.5052	-64.93116	-23.099
-12.25632	-66.1266	-23.353
-11.75856	-65.72778	-23.604
-11.50968	-66.5244	-23.859
-11.0109	-66.5244	-24.114
-11.50968	-66.5244	-24.369
-11.25978	-66.5244	-24.623
-11.0109	-67.32204	-24.881
-10.51314	-66.92322	-25.137
-11.0109	-67.32204	-25.395
-11.25978	-67.71984	-25.655
-11.25978	-67.71984	-25.914
-11.25978	-67.71984	-26.173
-10.76202	-68.11866	-26.434
-11.25978	-68.51646	-26.697
-10.76202	-68.51646	-26.959
-11.25978	-68.51646	-27.221
-11.0109	-68.51646	-27.484
-10.51314	-68.91528	-27.748
-11.0109	-69.31308	-28.013
-11.0109	-69.31308	-28.279
-10.76202	-68.91528	-28.542
-11.0109	-69.7119	-28.809
-10.51314	-69.7119	-29.076
-10.76202	-69.31308	-29.342
-10.26426	-70.1097	-29.61
-10.01538	-70.1097	-29.879
-10.51314	-70.1097	-30.147
-10.51314	-70.50852	-30.417
-10.26426	-70.1097	-30.686
-10.26426	-70.1097	-30.954
-10.26426	-70.90632	-31.226
-10.51314	-70.50852	-31.496
-11.0109	-70.90632	-31.768
-10.76202	-70.90632	-32.039
-11.0109	-71.30514	-32.312
-11.50968	-71.30514	-32.585
-11.25978	-71.30514	-32.858
-11.75856	-71.30514	-33.131
-11.50968	-71.30514	-33.404
-11.50968	-71.70294	-33.679
-11.50968	-71.70294	-33.954
-11.50968	-72.10176	-34.23
-12.00744	-72.10176	-34.506
-12.25632	-71.70294	-34.78
-11.50968	-71.70294	-35.055
-11.75856	-72.10176	-35.331
-11.50968	-72.10176	-35.607
-11.0109	-72.50058	-35.885
-10.76202	-72.50058	-36.163
-10.76202	-72.50058	-36.44
-10.26426	-72.50058	-36.718
-10.26426	-72.50058	-36.996
-10.26426	-72.50058	-37.273
-9.7665	-72.89838	-37.552
-10.01538	-72.89838	-37.832
-9.7665	-72.89838	-38.111
-9.5166	-73.2972	-38.391
-9.26772	-72.89838	-38.671
-9.7665	-72.89838	-38.95
-9.5166	-73.2972	-39.231
-9.01884	-73.2972	-39.511
-9.26772	-73.2972	-39.792
-9.5166	-73.695	-40.074
-9.26772	-73.695	-40.356
-9.26772	-72.89838	-40.636
-9.5166	-73.695	-40.918
-9.01884	-73.2972	-41.198
-9.01884	-73.695	-41.481
-8.52108	-73.695	-41.763
-9.01884	-74.09382	-42.047
-9.01884	-73.695	-42.329
-9.01884	-74.09382	-42.613
-9.5166	-73.695	-42.895
-9.26772	-73.695	-43.177
-9.26772	-74.09382	-43.461
-9.26772	-74.09382	-43.745
-9.01884	-74.49162	-44.03
-9.5166	-74.09382	-44.314
-9.5166	-74.09382	-44.597
-9.01884	-74.09382	-44.881
-9.5166	-74.49162	-45.166
-9.26772	-74.09382	-45.45
-9.01884	-74.49162	-45.735
-8.76996	-74.89044	-46.022
-8.76996	-74.49162	-46.308
-9.01884	-74.89044	-46.594
-9.26772	-74.49162	-46.88
-8.76996	-74.09382	-47.163
-8.52108	-74.49162	-47.449
-8.52108	-74.49162	-47.734
-8.2722	-74.89044	-48.021
-7.77342	-74.89044	-48.308
-8.02332	-74.89044	-48.594
-8.2722	-74.49162	-48.88
-7.52454	-74.89044	-49.166
-7.77342	-74.49162	-49.452
-7.52454	-74.89044	-49.739
-7.27566	-75.28824	-50.027
-7.27566	-75.28824	-50.315
-7.02678	-74.89044	-50.602
-6.52902	-74.49162	-50.887
-6.03024	-75.28824	-51.176
-6.28014	-74.89044	-51.462
-6.03024	-74.89044	-51.749
-5.78136	-75.28824	-52.038
-5.2836	-75.68706	-52.327
-5.53248	-75.28824	-52.616
-5.53248	-75.28824	-52.904
-5.03472	-74.89044	-53.191
-5.03472	-74.89044	-53.478
-4.78584	-74.89044	-53.764
-4.53696	-75.68706	-54.054
-5.03472	-75.28824	-54.343
-5.03472	-75.68706	-54.632
-4.78584	-75.28824	-54.921
-5.2836	-74.89044	-55.208
-5.2836	-75.28824	-55.496
-5.53248	-75.28824	-55.784
-5.53248	-74.49162	-56.07
-5.2836	-74.49162	-56.355
-5.53248	-73.695	-56.637
-6.28014	-72.50058	-56.915
-6.28014	-72.10176	-57.191
-5.03472	-70.90632	-57.462
-4.53696	-70.1097	-57.731
-5.2836	-69.31308	-57.996
-6.52902	-68.51646	-58.259
-8.02332	-67.32204	-58.517
-8.2722	-65.32998	-58.767
-7.77342	-66.92322	-59.023
-7.02678	-67.32204	-59.281
-7.27566	-67.32204	-59.539
-7.52454	-64.13454	-59.784
-8.2722	-61.34586	-60.019
-9.01884	-59.35482	-60.247
-8.76996	-57.36276	-60.466
-8.52108	-58.15938	-60.689
-8.76996	-57.76158	-60.91
-7.77342	-57.36276	-61.13
-7.77342	-56.16732	-61.345
-8.76996	-54.17628	-61.552
-9.01884	-51.3876	-61.749
-9.26772	-50.59098	-61.943
-9.26772	-49.39554	-62.132
-8.76996	-50.59098	-62.326
-8.52108	-49.79436	-62.517
-8.2722	-48.59892	-62.703
-8.52108	-47.40348	-62.884
-9.01884	-45.01362	-63.057
-8.76996	-43.42038	-63.223
-9.01884	-43.02156	-63.388
-8.2722	-43.42038	-63.554
-7.52454	-43.42038	-63.72
-7.52454	-42.62376	-63.883
-7.52454	-41.03052	-64.041
-7.77342	-39.03846	-64.19
-7.77342	-37.84302	-64.335
-7.52454	-37.44522	-64.478
-7.52454	-37.84302	-64.623
-6.52902	-37.44522	-64.767
-7.02678	-37.0464	-64.909
-7.02678	-35.45316	-65.044
-6.7779	-33.85992	-65.174
-7.27566	-33.0633	-65.301
-6.52902	-32.66448	-65.426
-6.7779	-32.66448	-65.551
-6.52902	-32.26668	-65.674
-6.03024	-32.26668	-65.798
-5.53248	-30.67344	-65.915
-6.03024	-30.27462	-66.031
-6.28014	-28.68138	-66.141
-5.78136	-27.88476	-66.248
-6.03024	-28.28256	-66.356
-5.2836	-27.88476	-66.463
-5.2836	-27.88476	-66.57
-4.53696	-27.08814	-66.674
-4.53696	-26.29152	-66.774
-5.03472	-25.09608	-66.87
-4.78584	-24.69828	-66.965
-4.53696	-23.90064	-67.057
-4.78584	-23.90064	-67.148
-4.03818	-24.29946	-67.241
-4.03818	-23.90064	-67.333
-3.7893	-23.10402	-67.421
-4.03818	-21.9096	-67.505
-4.28808	-21.11298	-67.586
-4.28808	-20.71416	-67.665
-4.03818	-20.71416	-67.745
-4.28808	-21.11298	-67.825
-3.54042	-20.71416	-67.905
-3.7893	-20.31636	-67.983
-4.28808	-19.12092	-68.056
-4.53696	-18.3243	-68.126
-4.28808	-17.92548	-68.195
-4.53696	-18.3243	-68.265
-4.53696	-17.92548	-68.333
-4.28808	-18.3243	-68.404
-4.28808	-17.12886	-68.469
-4.28808	-16.73106	-68.533
-4.53696	-15.93444	-68.594
-4.28808	-15.93444	-68.655
-4.28808	-15.53562	-68.715
-4.28808	-15.93444	-68.776
-4.28808	-15.53562	-68.835
-4.53696	-14.739	-68.892
-4.53696	-14.739	-68.948
-4.78584	-13.94238	-69.002
-4.28808	-13.94238	-69.055
-4.28808	-13.54356	-69.107
-4.28808	-13.54356	-69.159
-4.53696	-13.54356	-69.211
-4.53696	-13.14576	-69.261
-4.53696	-12.34914	-69.308
-4.53696	-12.34914	-69.356
-4.78584	-11.95032	-69.401
-4.53696	-11.55252	-69.446
-4.53696	-11.95032	-69.491
-4.53696	-11.55252	-69.536
-4.28808	-11.55252	-69.58
-4.03818	-11.1537	-69.623
-4.53696	-10.7559	-69.664
-4.28808	-10.35708	-69.703
-4.28808	-9.95928	-69.742
-4.53696	-9.95928	-69.78
-4.03818	-10.35708	-69.819
-4.28808	-10.35708	-69.859
-4.28808	-9.56046	-69.896
-4.03818	-9.16164	-69.931
-4.53696	-9.16164	-69.966
-4.28808	-8.76384	-69.999
-4.53696	-8.36502	-70.031
-4.28808	-8.76384	-70.065
-4.28808	-8.76384	-70.099
-3.7893	-8.76384	-70.132
-4.28808	-8.36502	-70.164
-4.53696	-7.96722	-70.195
-4.28808	-7.5684	-70.224
-4.28808	-7.1706	-70.251
-4.53696	-7.5684	-70.28
-4.03818	-7.1706	-70.308
-4.03818	-7.5684	-70.337
-3.7893	-7.5684	-70.366
-4.53696	-7.1706	-70.393
-4.28808	-6.37398	-70.417
-4.78584	-5.97516	-70.44
-4.78584	-6.37398	-70.465
-4.28808	-6.37398	-70.489
-4.03818	-7.1706	-70.517
-4.53696	-6.37398	-70.541
-4.78584	-6.37398	-70.565
-4.53696	-5.17854	-70.585
-4.78584	-5.17854	-70.605
-5.2836	-5.57736	-70.626
-4.53696	-5.57736	-70.648
-4.78584	-5.97516	-70.671
-4.28808	-5.97516	-70.694
-4.78584	-5.57736	-70.715
-5.03472	-4.77972	-70.733
-5.03472	-3.9831	-70.748
-5.03472	-4.38192	-70.765
-5.03472	-5.17854	-70.785
-4.78584	-5.17854	-70.805
-4.53696	-5.57736	-70.826
-4.78584	-4.38192	-70.843
-5.2836	-3.9831	-70.858
-5.2836	-3.9831	-70.874
-5.53248	-3.9831	-70.889
-5.53248	-3.9831	-70.904
-4.78584	-4.77972	-70.922
-5.03472	-4.38192	-70.939
-5.2836	-4.38192	-70.956
-5.03472	-3.5853	-70.97
-5.2836	-3.18648	-70.982
-5.78136	-3.18648	-70.994
-6.28014	-3.18648	-71.006
-6.7779	-3.9831	-71.022
-6.7779	-4.38192	-71.038
-6.28014	-3.9831	-71.054
-5.53248	-3.5853	-71.067
-5.2836	-2.78868	-71.078
-5.78136	-0.39882	-71.079
-6.28014	1.59324	-71.073
-6.03024	1.59324	-71.067
-5.53248	1.19544	-71.063
-5.78136	-0.79662	-71.066
-5.2836	-1.19544	-71.07
-5.78136	-0.39882	-71.072
-6.03024	0	-71.072
-5.53248	0.39882	-71.07
-5.53248	0.39882	-71.069
-5.2836	0	-71.069
-5.78136	0	-71.069
-5.2836	0	-71.069
-5.78136	0	-71.069
-5.53248	0	-71.069
-5.53248	0	-71.069
-5.78136	0	-71.069
-5.2836	0	-71.069
-5.78136	0	-71.069
-5.2836	0	-71.069
-5.53248	0	-71.069
-5.2836	0	-71.069
-5.2836	0	-71.069
-5.53248	0	-71.069
-5.03472	0	-71.069
-5.53248	0	-71.069
-5.03472	0	-71.069
-5.53248	0	-71.069
-5.2836	0	-71.069
-5.03472	0	-71.069
-5.53248	0	-71.069
-5.03472	0	-71.069
-5.53248	0	-71.069
-5.2836	0	-71.069
-5.2836	0	-71.069
-5.53248	0	-71.069
-5.03472	0	-71.069
-5.53248	0	-71.069
-5.2836	0	-71.069
-5.53248	0	-71.069
-5.2836	0	-71.069
-5.53248	0	-71.069
-5.53248	0	-71.069
-5.2836	0	-71.069
-5.78136	0	-71.069
-5.2836	0	-71.069
-5.78136	0	-71.069
-5.53248	0	-71.069
-5.53248	0	-71.069
-5.78136	0	-71.069
-5.2836	0	-71.069
-5.78136	0	-71.069
-5.2836	0	-71.069
-5.78136	0	-71.069
-5.53248	0	-71.069
-5.53248	0	-71.069
-5.78136	0	-71.069
0	0	0
