[info]
speed	300
torque	/
position	/
gravity	/
termination type	/
termination val	/
stopmode	/
pause	/
[SetUp]	/
anatomical zero	/
mov1	/
mov2	/
end position	/
scale values	/
max GET mov1	/
max GET mov2	/
[filter]	/
filter	/
[markers by index]	/
move 1	/
move 2	/
max power start	/
max power end	/
	/
[data]
-1.20666	15.53562	-57.478
-0.95778	15.13782	-57.42
-0.95778	15.13782	-57.362
-0.7089	15.53562	-57.302
-0.7089	15.13782	-57.244
-1.20666	15.53562	-57.185
-0.95778	15.13782	-57.127
-0.95778	15.13782	-57.069
-0.7089	15.53562	-57.009
-0.459	15.13782	-56.951
-0.7089	15.13782	-56.893
-0.7089	15.53562	-56.834
-1.20666	15.13782	-56.776
-0.95778	15.53562	-56.716
-1.20666	15.13782	-56.658
-0.95778	15.13782	-56.6
-1.20666	15.13782	-56.542
-1.20666	15.13782	-56.485
-0.95778	15.53562	-56.425
-1.20666	15.53562	-56.366
-0.95778	15.53562	-56.306
-1.45554	15.13782	-56.248
-0.95778	15.13782	-56.19
-1.45554	15.13782	-56.132
-1.20666	15.13782	-56.074
-1.45554	15.13782	-56.016
-1.45554	15.53562	-55.957
-1.45554	15.53562	-55.897
-1.70442	15.13782	-55.839
-1.70442	15.53562	-55.78
-1.9533	15.13782	-55.722
-1.70442	15.13782	-55.664
-1.9533	15.13782	-55.606
-2.20218	15.53562	-55.546
-1.9533	15.13782	-55.488
-2.20218	15.53562	-55.429
-2.20218	15.53562	-55.369
-2.45208	14.739	-55.313
-2.20218	15.13782	-55.255
-2.70096	15.53562	-55.195
-2.45208	15.53562	-55.136
-2.70096	15.13782	-55.078
-2.70096	15.53562	-55.018
-2.94984	15.13782	-54.96
-2.45208	15.13782	-54.903
-2.70096	15.13782	-54.845
-3.19872	15.53562	-54.785
-2.94984	15.13782	-54.727
-3.19872	15.53562	-54.668
-2.94984	15.13782	-54.61
-3.4476	15.13782	-54.552
-3.19872	15.53562	-54.492
-3.69648	15.13782	-54.434
-3.4476	15.53562	-54.375
-3.69648	15.53562	-54.315
-3.69648	14.739	-54.259
-3.4476	15.53562	-54.199
-3.69648	15.13782	-54.141
-3.69648	15.13782	-54.083
-3.94536	15.53562	-54.024
-3.94536	15.13782	-53.966
-3.94536	15.53562	-53.906
-3.4476	15.13782	-53.848
-3.94536	15.13782	-53.79
-3.69648	15.13782	-53.732
-3.69648	15.53562	-53.673
-3.69648	15.13782	-53.615
-3.69648	15.53562	-53.555
-3.4476	15.13782	-53.497
-3.4476	15.13782	-53.44
-3.94536	15.53562	-53.38
-3.94536	15.13782	-53.322
-3.69648	15.53562	-53.263
-3.94536	15.13782	-53.205
-3.69648	15.13782	-53.147
-4.19526	15.53562	-53.087
-3.94536	15.13782	-53.029
-4.19526	15.13782	-52.971
-4.19526	15.53562	-52.912
-3.94536	15.13782	-52.854
-4.19526	15.13782	-52.796
-4.69302	15.53562	-52.736
-4.69302	15.13782	-52.678
-4.44414	15.53562	-52.619
-4.69302	15.13782	-52.561
-4.44414	15.13782	-52.503
-4.69302	15.13782	-52.445
-4.69302	15.53562	-52.385
-4.9419	15.53562	-52.326
-4.9419	15.13782	-52.268
-4.9419	15.13782	-52.21
-5.19078	15.13782	-52.152
-5.19078	15.13782	-52.094
-5.19078	15.53562	-52.034
-5.19078	15.13782	-51.977
-5.43966	15.53562	-51.917
-5.43966	15.13782	-51.859
-5.68854	15.13782	-51.801
-5.43966	15.53562	-51.742
-5.43966	15.13782	-51.684
-5.43966	15.13782	-51.626
-5.43966	15.53562	-51.566
-5.68854	15.53562	-51.507
-5.43966	15.13782	-51.449
-5.43966	15.13782	-51.391
-5.43966	15.13782	-51.333
-5.93742	15.53562	-51.273
-5.93742	15.53562	-51.214
-5.93742	15.13782	-51.156
-6.18732	15.13782	-51.098
-5.68854	15.13782	-51.04
-6.18732	15.13782	-50.982
-5.93742	15.53562	-50.922
-6.18732	15.13782	-50.864
-5.93742	15.53562	-50.805
-6.18732	15.13782	-50.747
-5.93742	15.53562	-50.687
-6.18732	15.13782	-50.629
-5.93742	15.13782	-50.571
-5.93742	15.13782	-50.514
-6.18732	15.53562	-50.454
-5.93742	15.13782	-50.396
-6.18732	15.53562	-50.337
-6.18732	15.13782	-50.279
-6.18732	15.53562	-50.219
-5.93742	15.13782	-50.161
-5.93742	15.13782	-50.103
-5.93742	15.13782	-50.045
-5.93742	15.53562	-49.986
-5.93742	15.13782	-49.928
-6.18732	15.53562	-49.868
-6.18732	15.13782	-49.81
-5.93742	15.53562	-49.751
-5.93742	15.13782	-49.693
-5.93742	15.13782	-49.635
-6.4362	15.13782	-49.577
-6.4362	15.53562	-49.517
-6.4362	15.53562	-49.458
-6.18732	15.13782	-49.4
-6.18732	15.13782	-49.342
-6.18732	15.13782	-49.284
-6.4362	15.53562	-49.224
-6.4362	15.53562	-49.165
-6.4362	15.13782	-49.107
-6.18732	15.13782	-49.049
-6.68508	15.13782	-48.991
-6.68508	15.53562	-48.932
-6.93396	15.53562	-48.872
-6.4362	15.13782	-48.814
-6.93396	15.13782	-48.756
-6.68508	15.53562	-48.697
-6.68508	15.13782	-48.639
-6.68508	15.13782	-48.581
-6.68508	15.53562	-48.521
-6.68508	15.13782	-48.463
-6.68508	15.13782	-48.405
-6.68508	15.53562	-48.346
-6.68508	15.13782	-48.288
-6.93396	15.53562	-48.228
-6.93396	15.13782	-48.17
-6.93396	15.13782	-48.112
-6.68508	15.53562	-48.053
-6.68508	15.13782	-47.995
-6.68508	15.13782	-47.937
-6.68508	15.53562	-47.877
-6.68508	15.53562	-47.818
-6.4362	15.13782	-47.76
-6.4362	15.13782	-47.702
-6.18732	15.53562	-47.642
-6.18732	14.739	-47.586
-6.4362	15.13782	-47.528
-6.4362	15.53562	-47.468
-6.4362	15.53562	-47.409
-6.4362	15.53562	-47.35
-5.93742	15.13782	-47.292
-6.18732	15.13782	-47.234
-6.18732	15.13782	-47.176
-6.18732	15.13782	-47.118
-5.93742	15.53562	-47.058
-5.68854	15.53562	-46.999
-5.93742	15.13782	-46.941
-5.93742	15.13782	-46.883
-5.93742	15.13782	-46.825
-5.68854	15.13782	-46.767
-5.93742	15.53562	-46.707
-5.93742	15.53562	-46.648
-5.68854	15.13782	-46.59
-5.93742	15.13782	-46.532
-5.68854	15.13782	-46.474
-5.68854	15.53562	-46.414
-5.68854	15.13782	-46.356
-5.68854	15.53562	-46.297
-5.68854	15.13782	-46.239
-5.68854	15.13782	-46.181
-5.93742	15.53562	-46.121
-5.93742	15.13782	-46.063
-5.93742	15.13782	-46.005
-6.18732	15.53562	-45.946
-6.18732	15.13782	-45.888
-6.18732	15.53562	-45.829
-5.93742	15.13782	-45.771
-5.93742	15.13782	-45.713
-6.18732	15.13782	-45.655
-6.4362	15.53562	-45.595
-6.4362	15.13782	-45.537
-6.18732	15.53562	-45.478
-6.4362	15.13782	-45.42
-6.4362	15.53562	-45.36
-6.18732	15.13782	-45.302
-6.4362	15.13782	-45.244
-5.93742	15.53562	-45.185
-6.18732	15.13782	-45.127
-6.4362	15.13782	-45.069
-6.4362	15.53562	-45.009
-5.93742	15.13782	-44.951
-6.18732	15.53562	-44.892
-6.18732	15.53562	-44.832
-6.18732	14.739	-44.776
-6.18732	15.13782	-44.718
-6.4362	15.53562	-44.658
-6.4362	15.13782	-44.6
-6.68508	15.53562	-44.541
-6.68508	15.53562	-44.481
-6.18732	14.739	-44.425
-6.4362	15.13782	-44.367
-6.4362	15.53562	-44.308
-6.4362	15.13782	-44.25
-6.4362	15.53562	-44.19
-6.4362	15.53562	-44.131
-6.68508	15.13782	-44.073
-6.4362	15.13782	-44.015
-6.68508	15.13782	-43.957
-6.4362	15.53562	-43.897
-6.4362	15.13782	-43.839
-6.68508	15.13782	-43.781
-6.68508	15.53562	-43.722
-6.93396	15.13782	-43.664
-6.93396	15.53562	-43.604
-6.93396	15.13782	-43.546
-6.68508	15.13782	-43.488
-6.68508	15.53562	-43.429
-6.93396	15.13782	-43.371
-7.18284	15.53562	-43.311
-7.18284	15.53562	-43.252
-6.93396	15.13782	-43.194
-7.18284	15.13782	-43.136
-7.18284	15.13782	-43.078
-7.6806	15.53562	-43.018
-7.6806	15.13782	-42.96
-7.43172	15.13782	-42.903
-7.43172	15.53562	-42.843
-7.43172	15.13782	-42.785
-7.6806	15.13782	-42.727
-7.9305	15.53562	-42.668
-8.17938	15.53562	-42.608
-7.6806	14.739	-42.552
-7.6806	15.53562	-42.492
-8.17938	15.13782	-42.434
-8.17938	15.53562	-42.375
-8.17938	15.13782	-42.317
-7.6806	15.53562	-42.257
-7.6806	15.13782	-42.199
-7.6806	15.13782	-42.141
-8.17938	15.53562	-42.082
-7.9305	15.13782	-42.024
-7.6806	15.13782	-41.966
-7.6806	15.53562	-41.906
-7.6806	15.13782	-41.848
-7.6806	15.13782	-41.79
-7.6806	15.53562	-41.731
-7.6806	15.13782	-41.673
-7.6806	15.53562	-41.613
-7.9305	15.13782	-41.555
-7.6806	15.13782	-41.497
-7.9305	15.53562	-41.438
-7.9305	15.13782	-41.38
-7.6806	15.53562	-41.321
-7.9305	15.13782	-41.263
-7.6806	15.13782	-41.205
-7.6806	15.53562	-41.145
-7.43172	15.13782	-41.087
-7.43172	15.13782	-41.029
-7.43172	15.13782	-40.971
-7.43172	15.53562	-40.912
-7.6806	15.13782	-40.854
-7.6806	15.53562	-40.794
-7.6806	15.53562	-40.735
-7.18284	14.739	-40.678
-7.18284	15.53562	-40.619
-7.43172	15.13782	-40.561
-7.18284	15.13782	-40.503
-7.43172	15.53562	-40.443
-7.43172	15.53562	-40.384
-7.43172	15.13782	-40.326
-7.6806	15.13782	-40.268
-7.43172	15.13782	-40.21
-7.43172	15.53562	-40.15
-7.43172	15.13782	-40.092
-7.6806	15.13782	-40.034
-7.6806	15.53562	-39.975
-7.9305	15.13782	-39.917
-7.9305	15.53562	-39.858
-7.9305	15.13782	-39.8
-8.17938	15.13782	-39.742
-7.9305	15.13782	-39.684
-7.9305	15.53562	-39.624
-8.17938	15.13782	-39.566
-7.9305	15.53562	-39.507
-7.9305	15.13782	-39.449
-8.42826	15.53562	-39.389
-8.42826	15.13782	-39.331
-8.42826	15.13782	-39.273
-8.42826	15.53562	-39.214
-8.17938	15.13782	-39.156
-8.17938	15.13782	-39.098
-8.42826	15.53562	-39.038
-8.42826	15.13782	-38.98
-8.42826	15.53562	-38.921
-8.42826	15.13782	-38.863
-8.17938	15.13782	-38.805
-8.42826	15.53562	-38.745
-8.42826	15.13782	-38.687
-8.92602	15.13782	-38.629
-8.42826	15.53562	-38.57
-8.67714	15.13782	-38.512
-8.42826	15.53562	-38.452
-8.67714	15.13782	-38.395
-8.42826	15.13782	-38.337
-8.42826	15.53562	-38.277
-8.42826	15.13782	-38.219
-8.42826	15.13782	-38.161
-8.17938	15.53562	-38.102
-8.42826	15.13782	-38.044
-8.67714	15.13782	-37.986
-8.17938	15.53562	-37.926
-8.67714	15.13782	-37.868
-8.42826	15.53562	-37.809
-8.67714	15.13782	-37.751
-8.67714	15.13782	-37.693
-8.67714	15.53562	-37.633
-8.92602	15.13782	-37.575
-8.92602	15.53562	-37.516
-8.92602	15.13782	-37.458
-8.67714	15.53562	-37.398
-8.42826	15.13782	-37.34
-8.42826	15.13782	-37.282
-8.67714	15.13782	-37.224
-8.67714	15.53562	-37.165
-8.92602	15.13782	-37.107
-8.92602	15.53562	-37.047
-9.1749	15.13782	-36.989
-8.92602	15.13782	-36.932
-8.92602	15.53562	-36.872
-9.1749	15.13782	-36.814
-9.1749	15.13782	-36.756
-9.1749	15.53562	-36.697
-9.1749	15.53562	-36.637
-9.42378	15.13782	-36.579
-9.1749	15.13782	-36.521
-9.67368	15.13782	-36.463
-9.67368	15.53562	-36.404
-9.67368	15.13782	-36.346
-9.42378	15.53562	-36.286
-9.42378	15.13782	-36.228
-9.42378	15.13782	-36.17
-9.1749	15.53562	-36.111
-9.1749	15.13782	-36.053
-9.67368	15.13782	-35.995
-9.42378	15.53562	-35.935
-9.42378	15.13782	-35.877
-9.1749	15.53562	-35.818
-9.42378	15.13782	-35.76
-9.67368	15.13782	-35.702
-9.42378	15.53562	-35.642
-9.42378	15.13782	-35.584
-9.42378	15.13782	-35.526
-9.1749	15.53562	-35.467
-9.1749	15.13782	-35.409
-9.1749	15.13782	-35.351
-9.1749	15.53562	-35.292
-8.67714	15.53562	-35.232
-8.67714	15.13782	-35.174
-8.67714	15.13782	-35.116
-8.92602	15.13782	-35.058
-8.67714	15.13782	-35
-9.1749	15.53562	-34.941
-8.67714	15.53562	-34.881
-8.67714	15.53562	-34.822
-8.67714	14.739	-34.765
-8.92602	15.13782	-34.707
-8.92602	15.53562	-34.648
-8.92602	15.13782	-34.59
-8.92602	15.53562	-34.53
-9.1749	15.13782	-34.472
-9.1749	15.13782	-34.414
-8.92602	15.53562	-34.355
-9.1749	15.13782	-34.297
-8.92602	15.53562	-34.237
-8.92602	15.13782	-34.179
-8.92602	15.13782	-34.121
-8.92602	15.13782	-34.063
-9.1749	15.13782	-34.005
-9.1749	15.53562	-33.946
-9.1749	15.53562	-33.886
-9.1749	15.13782	-33.829
-9.42378	15.53562	-33.769
-9.1749	15.13782	-33.711
-9.42378	15.13782	-33.653
-9.1749	15.53562	-33.594
-9.1749	15.13782	-33.536
-9.1749	15.13782	-33.478
-9.1749	15.53562	-33.418
-9.1749	15.13782	-33.36
-9.1749	15.13782	-33.302
-9.1749	15.53562	-33.243
-9.1749	15.13782	-33.185
-8.92602	15.53562	-33.125
-8.92602	15.13782	-33.067
-8.92602	15.13782	-33.009
-8.92602	15.53562	-32.95
-8.92602	15.13782	-32.892
-9.1749	15.53562	-32.832
-8.92602	15.13782	-32.774
-8.67714	15.53562	-32.715
-8.67714	15.13782	-32.657
-8.92602	15.13782	-32.599
-8.67714	15.13782	-32.541
-8.67714	15.53562	-32.481
-8.67714	15.13782	-32.423
-8.92602	15.53562	-32.364
-8.67714	15.13782	-32.306
-8.92602	15.13782	-32.248
-8.92602	15.13782	-32.19
-8.67714	15.53562	-32.131
-8.92602	15.13782	-32.073
-8.67714	15.13782	-32.015
-8.92602	15.53562	-31.955
-8.42826	15.53562	-31.896
-8.92602	15.13782	-31.838
-8.42826	15.53562	-31.778
-8.92602	15.13782	-31.72
-8.67714	15.13782	-31.662
-8.92602	15.13782	-31.604
-8.92602	15.53562	-31.545
-9.1749	15.13782	-31.487
-8.92602	15.53562	-31.427
-8.67714	15.53562	-31.368
-8.67714	14.739	-31.311
-8.92602	15.13782	-31.253
-8.92602	15.53562	-31.194
-9.42378	15.13782	-31.136
-8.92602	15.53562	-31.076
-8.92602	15.53562	-31.017
-8.92602	15.13782	-30.959
-9.1749	15.13782	-30.901
-9.67368	15.13782	-30.843
-9.67368	15.53562	-30.784
-9.67368	15.53562	-30.724
-9.42378	15.13782	-30.666
-9.67368	15.13782	-30.608
-9.67368	15.13782	-30.55
-9.92256	15.53562	-30.491
-9.67368	15.13782	-30.433
-10.17144	15.13782	-30.375
-9.92256	15.53562	-30.315
-9.92256	15.13782	-30.257
-9.67368	15.13782	-30.199
-9.42378	15.53562	-30.14
-9.67368	15.13782	-30.082
-9.67368	15.53562	-30.022
-9.92256	15.13782	-29.964
-9.67368	15.53562	-29.905
-9.67368	15.13782	-29.847
-9.67368	15.13782	-29.789
-9.67368	15.13782	-29.731
-9.92256	15.13782	-29.673
-9.92256	15.53562	-29.613
-9.92256	15.53562	-29.554
-10.17144	15.13782	-29.496
-9.92256	15.13782	-29.438
-9.92256	15.53562	-29.378
-9.67368	15.13782	-29.321
-10.17144	15.13782	-29.263
-9.92256	15.53562	-29.203
-10.17144	15.13782	-29.145
-10.17144	15.53562	-29.086
-9.67368	15.13782	-29.028
-9.92256	15.13782	-28.97
-9.92256	15.13782	-28.912
-9.92256	15.13782	-28.854
-9.67368	15.53562	-28.794
-9.92256	15.53562	-28.735
-9.92256	15.13782	-28.677
-9.67368	15.53562	-28.617
-9.92256	15.13782	-28.559
-9.92256	14.739	-28.503
-9.67368	15.53562	-28.443
-10.17144	15.53562	-28.384
-9.92256	15.13782	-28.326
-9.92256	15.53562	-28.266
-9.92256	15.13782	-28.208
-10.42032	15.13782	-28.15
-10.17144	15.53562	-28.091
-10.17144	15.13782	-28.033
-10.42032	15.13782	-27.975
-10.17144	15.53562	-27.915
-10.17144	15.13782	-27.858
-10.42032	15.13782	-27.8
-10.6692	15.53562	-27.74
-10.42032	15.53562	-27.681
-10.42032	15.13782	-27.623
-10.42032	15.13782	-27.565
-10.17144	15.13782	-27.507
-10.42032	15.13782	-27.449
-10.42032	15.53562	-27.389
-10.17144	15.53562	-27.33
-10.42032	15.13782	-27.272
-10.17144	15.13782	-27.214
-10.17144	15.53562	-27.154
-10.42032	15.13782	-27.096
-10.42032	15.53562	-27.037
-10.42032	15.13782	-26.979
-10.42032	15.13782	-26.921
-9.92256	15.53562	-26.861
-10.42032	15.13782	-26.803
-9.92256	15.53562	-26.744
-10.42032	15.13782	-26.686
-10.42032	15.13782	-26.628
-10.17144	15.53562	-26.568
-10.42032	15.13782	-26.51
-10.42032	15.13782	-26.452
-9.92256	15.13782	-26.395
-9.92256	15.53562	-26.335
-10.17144	15.53562	-26.276
-9.92256	15.13782	-26.218
-10.17144	15.13782	-26.16
-10.17144	15.13782	-26.102
-10.17144	15.13782	-26.044
-10.17144	15.53562	-25.984
-10.17144	15.53562	-25.925
-10.17144	15.13782	-25.867
-9.92256	15.53562	-25.807
-9.92256	15.13782	-25.749
-9.92256	15.13782	-25.691
-10.17144	15.13782	-25.633
-9.92256	15.13782	-25.575
-10.42032	15.53562	-25.516
-10.42032	15.53562	-25.456
-10.42032	15.13782	-25.398
-10.42032	15.53562	-25.339
-10.6692	15.13782	-25.281
-10.6692	15.13782	-25.223
-10.6692	15.53562	-25.163
-10.6692	15.13782	-25.105
-10.91808	15.13782	-25.047
-10.91808	15.53562	-24.988
-11.16696	15.13782	-24.93
-10.91808	15.53562	-24.87
-11.16696	15.13782	-24.813
-11.41686	15.13782	-24.755
-11.41686	15.13782	-24.697
-11.41686	15.53562	-24.637
-11.16696	15.13782	-24.579
-11.66574	15.53562	-24.52
-11.41686	15.13782	-24.462
-11.66574	15.53562	-24.402
-11.66574	15.13782	-24.344
-11.91462	15.13782	-24.286
-11.41686	15.53562	-24.227
-11.41686	15.13782	-24.169
-11.66574	15.13782	-24.111
-11.91462	15.13782	-24.053
-11.66574	15.53562	-23.993
-11.66574	15.13782	-23.935
-11.66574	15.53562	-23.876
-11.66574	15.13782	-23.818
-11.66574	15.13782	-23.76
-11.66574	15.53562	-23.7
-11.41686	15.13782	-23.642
-11.66574	15.53562	-23.583
-11.66574	15.13782	-23.525
-11.41686	15.13782	-23.467
-11.66574	15.53562	-23.407
-11.66574	15.13782	-23.35
-11.16696	15.53562	-23.29
-11.66574	15.13782	-23.232
-11.66574	15.13782	-23.174
-11.16696	15.13782	-23.116
-11.16696	15.53562	-23.057
-11.41686	15.13782	-22.999
-11.41686	15.53562	-22.939
-11.41686	15.13782	-22.881
-11.41686	15.13782	-22.823
-11.41686	15.53562	-22.764
-11.66574	15.13782	-22.706
-11.66574	15.53562	-22.646
-11.41686	15.13782	-22.588
-11.91462	15.13782	-22.53
-11.91462	15.53562	-22.471
-11.91462	15.13782	-22.413
-11.66574	15.13782	-22.355
-11.66574	15.53562	-22.295
-11.91462	15.13782	-22.237
-11.91462	15.13782	-22.179
-11.91462	15.53562	-22.12
-12.41238	15.13782	-22.062
-12.1635	15.53562	-22.002
-12.1635	15.13782	-21.944
-12.41238	15.13782	-21.886
-12.41238	15.13782	-21.829
-12.1635	15.53562	-21.769
-12.1635	15.53562	-21.71
-12.1635	15.13782	-21.652
-12.41238	15.13782	-21.594
-12.41238	15.13782	-21.536
-12.41238	15.13782	-21.478
-12.41238	15.53562	-21.418
-12.41238	15.53562	-21.359
-12.41238	15.13782	-21.301
-12.1635	15.13782	-21.243
-12.41238	15.13782	-21.185
-12.41238	15.53562	-21.125
-12.66126	15.53562	-21.066
-12.1635	15.13782	-21.008
-12.1635	15.13782	-20.95
-12.1635	15.13782	-20.892
-12.1635	15.53562	-20.832
-12.1635	15.53562	-20.773
-12.1635	15.13782	-20.715
-12.41238	15.13782	-20.657
-12.41238	15.53562	-20.597
-12.1635	15.13782	-20.539
-12.1635	15.13782	-20.481
-11.66574	15.53562	-20.422
-12.1635	15.13782	-20.364
-11.66574	15.13782	-20.306
-11.66574	15.53562	-20.247
-11.91462	15.13782	-20.189
-11.66574	15.53562	-20.129
-11.66574	14.739	-20.073
-11.91462	15.53562	-20.013
-11.66574	15.13782	-19.955
-11.91462	15.53562	-19.896
-11.91462	15.53562	-19.836
-11.91462	15.13782	-19.778
-11.66574	15.13782	-19.72
-11.91462	15.53562	-19.661
-11.91462	15.13782	-19.603
-11.66574	15.13782	-19.545
-11.91462	15.53562	-19.485
-11.91462	15.13782	-19.427
-11.66574	15.13782	-19.369
-11.91462	15.53562	-19.31
-11.91462	15.13782	-19.252
-11.91462	15.53562	-19.192
-12.41238	15.13782	-19.134
-11.91462	15.13782	-19.076
-12.1635	15.53562	-19.017
-12.1635	15.13782	-18.959
-12.41238	15.53562	-18.899
-12.1635	15.13782	-18.841
-12.66126	15.53562	-18.782
-12.41238	15.13782	-18.724
-12.41238	15.13782	-18.666
-12.66126	15.53562	-18.607
-12.66126	15.13782	-18.549
-12.66126	15.13782	-18.491
-12.91014	15.53562	-18.431
-12.91014	15.13782	-18.373
-12.66126	15.13782	-18.315
-12.91014	15.53562	-18.256
-12.66126	15.13782	-18.198
-12.66126	15.13782	-18.14
-12.91014	15.53562	-18.08
-12.66126	15.13782	-18.022
-12.66126	15.13782	-17.964
-12.66126	15.53562	-17.905
-12.66126	15.53562	-17.845
-12.66126	15.13782	-17.787
-12.66126	15.13782	-17.729
-12.66126	15.53562	-17.67
-12.41238	15.13782	-17.612
-12.41238	15.13782	-17.554
-12.66126	15.13782	-17.496
-12.66126	15.53562	-17.436
-12.66126	15.53562	-17.377
-12.66126	15.13782	-17.319
-12.41238	15.13782	-17.261
-12.41238	15.13782	-17.203
-12.41238	15.53562	-17.144
-12.41238	15.13782	-17.086
-12.41238	15.13782	-17.028
-12.41238	15.13782	-16.97
-12.91014	15.53562	-16.91
-12.91014	15.53562	-16.851
-12.66126	15.13782	-16.793
-12.41238	15.53562	-16.733
-12.41238	15.13782	-16.675
-12.66126	14.739	-16.619
-12.41238	15.53562	-16.559
-12.41238	15.53562	-16.5
-12.66126	15.13782	-16.442
-12.41238	15.53562	-16.382
-12.66126	14.739	-16.326
-12.91014	15.53562	-16.266
-12.91014	15.13782	-16.208
-12.91014	15.53562	-16.149
-12.66126	15.13782	-16.091
-12.91014	15.53562	-16.031
-12.66126	15.13782	-15.973
-12.66126	15.13782	-15.915
-12.66126	15.53562	-15.856
-12.91014	15.13782	-15.798
-12.91014	15.53562	-15.739
-12.91014	15.13782	-15.681
-12.66126	15.13782	-15.623
-12.91014	15.13782	-15.565
-12.66126	15.53562	-15.505
-12.66126	15.13782	-15.447
-12.66126	15.13782	-15.389
-12.91014	15.53562	-15.33
-12.66126	15.53562	-15.27
-12.91014	15.13782	-15.212
-12.91014	15.13782	-15.154
-12.66126	15.53562	-15.095
-12.91014	15.13782	-15.037
-12.91014	15.13782	-14.979
-12.91014	15.53562	-14.919
-12.41238	15.13782	-14.861
-12.41238	15.53562	-14.802
-12.66126	15.13782	-14.744
-12.41238	15.13782	-14.686
-12.41238	15.53562	-14.626
-12.41238	15.13782	-14.568
-12.41238	15.53562	-14.509
-12.41238	15.13782	-14.451
-12.66126	15.13782	-14.393
-12.41238	15.53562	-14.333
-12.41238	15.13782	-14.276
-12.41238	15.53562	-14.216
-11.91462	14.739	-14.16
-12.1635	15.53562	-14.1
-12.1635	15.13782	-14.042
-11.91462	15.53562	-13.983
-12.1635	15.53562	-13.923
-11.66574	15.13782	-13.865
-11.91462	15.13782	-13.807
-12.1635	15.13782	-13.749
-11.91462	15.13782	-13.691
-11.91462	15.53562	-13.632
-12.1635	15.53562	-13.572
-12.1635	15.13782	-13.514
-11.91462	15.13782	-13.456
-11.91462	15.53562	-13.397
-12.1635	15.13782	-13.339
-12.1635	15.13782	-13.281
-12.1635	15.53562	-13.221
-11.91462	15.13782	-13.163
-11.91462	15.53562	-13.104
-11.91462	15.13782	-13.046
-11.91462	15.53562	-12.986
-11.91462	15.13782	-12.928
-11.91462	15.13782	-12.87
-12.1635	15.53562	-12.811
-12.1635	15.13782	-12.753
-12.1635	15.53562	-12.694
-12.1635	15.13782	-12.636
-12.41238	15.13782	-12.578
-12.66126	15.13782	-12.52
-12.41238	15.53562	-12.46
-12.41238	15.13782	-12.402
-12.41238	15.53562	-12.343
-12.66126	15.13782	-12.285
-12.66126	15.13782	-12.227
-12.41238	15.53562	-12.167
-12.41238	15.13782	-12.109
-12.41238	15.53562	-12.05
-12.1635	15.13782	-11.992
-11.91462	15.13782	-11.934
-11.91462	15.53562	-11.874
-11.91462	15.13782	-11.816
-12.1635	15.13782	-11.758
-11.66574	15.53562	-11.699
-11.66574	15.13782	-11.641
-11.66574	15.13782	-11.583
-11.66574	15.53562	-11.523
-11.66574	15.13782	-11.465
-11.91462	15.53562	-11.406
-11.41686	15.13782	-11.348
-11.66574	15.53562	-11.288
-11.66574	15.13782	-11.231
-11.41686	15.13782	-11.173
-11.16696	15.53562	-11.113
-10.91808	15.13782	-11.055
-11.41686	15.13782	-10.997
-11.16696	15.13782	-10.939
-11.16696	15.53562	-10.88
-10.91808	15.53562	-10.82
-10.91808	15.13782	-10.762
-10.91808	15.13782	-10.704
-11.16696	15.13782	-10.646
-10.91808	15.53562	-10.587
-11.16696	15.13782	-10.529
-10.91808	15.53562	-10.469
-11.16696	15.13782	-10.411
-10.91808	15.13782	-10.353
-10.91808	15.53562	-10.294
-10.91808	15.13782	-10.236
-10.91808	15.53562	-10.176
-10.91808	14.739	-10.12
-11.16696	15.53562	-10.06
-11.41686	15.13782	-10.002
-11.66574	15.53562	-9.943
-11.16696	15.13782	-9.885
-11.16696	15.53562	-9.825
-11.66574	15.13782	-9.768
-11.16696	15.13782	-9.71
-11.41686	15.13782	-9.652
-11.16696	15.53562	-9.592
-11.16696	15.13782	-9.534
-11.41686	15.53562	-9.475
-11.66574	15.13782	-9.417
-11.66574	15.53562	-9.357
-11.66574	15.13782	-9.299
-11.41686	15.13782	-9.241
-11.66574	15.53562	-9.182
-11.66574	15.13782	-9.124
-11.66574	15.13782	-9.066
-11.66574	15.13782	-9.008
-12.1635	15.53562	-8.948
-11.91462	15.53562	-8.889
-11.91462	15.13782	-8.831
-12.1635	15.13782	-8.773
-11.91462	15.13782	-8.715
-12.1635	15.53562	-8.655
-11.91462	15.13782	-8.597
-11.91462	15.53562	-8.538
-11.66574	15.13782	-8.48
-11.66574	15.53562	-8.42
-11.66574	15.13782	-8.362
-11.41686	15.53562	-8.303
-11.41686	15.13782	-8.245
-11.66574	15.13782	-8.187
-11.66574	15.13782	-8.129
-11.66574	15.13782	-8.071
-11.91462	15.53562	-8.012
-11.66574	15.53562	-7.952
-11.66574	15.13782	-7.894
-11.41686	15.13782	-7.836
-11.66574	15.13782	-7.778
-11.41686	15.53562	-7.719
-11.66574	15.13782	-7.661
-11.41686	15.13782	-7.603
-10.6692	15.53562	-7.543
-10.17144	15.53562	-7.484
-9.42378	15.13782	-7.426
-9.42378	15.53562	-7.366
-8.67714	15.13782	-7.308
-8.92602	14.739	-7.252
-8.42826	14.34018	-7.197
-8.42826	13.14576	-7.147
-7.6806	11.55252	-7.102
-7.6806	9.95928	-7.064
-7.43172	8.76384	-7.031
-7.18284	8.36502	-6.999
-7.6806	7.5684	-6.97
-7.6806	7.5684	-6.941
-7.6806	6.77178	-6.915
-7.18284	5.57736	-6.893
-7.18284	4.38192	-6.877
-7.18284	3.9831	-6.861
-7.6806	3.9831	-6.846
-7.6806	3.9831	-6.831
-7.6806	3.9831	-6.816
-7.43172	3.5853	-6.802
-7.6806	2.38986	-6.793
-7.18284	1.99206	-6.785
-7.18284	1.59324	-6.779
-7.18284	2.38986	-6.77
-7.6806	1.99206	-6.762
-7.9305	1.99206	-6.755
-7.9305	1.59324	-6.748
-7.6806	1.19544	-6.744
-7.6806	0.79662	-6.741
-7.43172	0.79662	-6.738
-7.43172	0.79662	-6.735
-7.43172	0.79662	-6.732
-7.43172	1.19544	-6.727
-7.6806	1.19544	-6.723
-7.6806	0.79662	-6.719
-7.6806	-0.39882	-6.721
-7.43172	0	-6.721
-7.6806	0	-6.721
-7.9305	0	-6.721
-7.9305	0	-6.721
-7.9305	0	-6.721
-7.6806	0	-6.721
-7.6806	0	-6.721
-7.9305	0	-6.721
-7.9305	0	-6.721
-7.43172	0	-6.721
-7.43172	0	-6.721
-7.18284	0	-6.721
-7.43172	0	-6.721
-7.18284	0	-6.721
-6.93396	0	-6.721
-6.93396	0	-6.721
-6.93396	0	-6.721
-7.18284	0	-6.721
-6.93396	0	-6.721
-6.68508	0	-6.721
-6.68508	0	-6.721
-6.68508	0	-6.721
-6.93396	0	-6.721
-6.93396	0	-6.721
-6.93396	0	-6.721
-6.93396	0	-6.721
-7.43172	0	-6.721
-7.6806	0	-6.721
-8.42826	0	-6.721
-8.67714	0	-6.721
-9.42378	0	-6.721
-10.42032	0	-6.721
-11.66574	0	-6.721
-12.41238	0	-6.721
-13.16004	0	-6.721
-14.40444	0	-6.721
-16.14762	0	-6.721
-17.39304	0	-6.721
-18.63846	0	-6.721
-19.63398	0	-6.721
-21.37716	0	-6.721
-23.36922	0	-6.721
-24.86352	0	-6.721
-27.35436	0	-6.721
-29.5953	0	-6.721
-32.08512	0	-6.721
-35.3226	0	-6.721
-38.56008	0	-6.721
-41.54868	0	-6.721
-45.5328	-0.39882	-6.723
-49.51692	0	-6.723
-53.25216	0	-6.723
-55.99188	0	-6.723
-58.97946	0	-6.723
-61.4703	-0.39882	-6.724
-62.9646	0	-6.724
-63.71124	-0.39882	-6.726
-62.9646	0	-6.726
-62.46582	0	-6.726
-61.4703	0	-6.726
-60.72264	0	-6.726
-59.22936	0	-6.726
-58.4817	-1.19544	-6.73
-57.23628	-3.5853	-6.744
-55.99188	-8.36502	-6.776
-54.74646	-13.54356	-6.828
-53.50104	-17.92548	-6.896
-53.00328	-23.10402	-6.985
-52.7544	-27.48594	-7.09
-52.7544	-33.0633	-7.217
-52.7544	-39.03846	-7.366
-53.25216	-46.60686	-7.545
-53.99982	-53.37966	-7.749
-54.49758	-61.34586	-7.984
-55.4931	-68.11866	-8.245
-56.73852	-75.28824	-8.533
-57.73506	-83.25546	-8.852
-58.23282	-91.22268	-9.202
-59.47824	-99.1899	-9.581
-60.22488	-107.55492	-9.993
-60.72264	-116.71758	-10.44
-60.72264	-124.28598	-10.916
-60.97254	-133.44762	-11.427
-60.72264	-141.81366	-11.97
-60.47376	-150.17868	-12.546
-58.97946	-159.34134	-13.156
-58.4817	-168.50298	-13.801
-57.98394	-177.26682	-14.48
-58.23282	-186.03066	-15.192
-58.4817	-195.59112	-15.941
-58.23282	-205.9482	-16.73
-58.23282	-211.92336	-17.542
-59.22936	-223.47588	-18.398
-60.47376	-232.23972	-19.287
-62.46582	-239.4093	-20.204
-64.4589	-245.78328	-21.145
-65.45442	-251.36064	-22.108
-66.94872	-257.3358	-23.093
-67.94526	-262.11552	-24.097
-69.68742	-266.09964	-25.116
-71.4306	-269.68494	-26.149
-72.17826	-272.87142	-27.194
-72.42714	-276.45672	-28.253
-71.92938	-279.2454	-29.322
-71.6805	-282.43188	-30.404
-71.4306	-284.82174	-31.494
-70.93284	-286.01718	-32.59
-69.93732	-287.61042	-33.691
-68.6919	-289.60248	-34.8
-67.1976	-291.59352	-35.917
-66.69984	-293.18778	-37.04
-66.45096	-293.9844	-38.166
-65.7033	-295.17882	-39.296
-64.70778	-295.97544	-40.43
-63.96012	-296.77206	-41.566
-63.46236	-298.36632	-42.709
-64.209	-298.76412	-43.853
-63.71124	-299.56074	-45
-62.9646	-299.95956	-46.149
-62.71572	-302.34942	-47.307
-62.46582	-299.16294	-48.452
-62.71572	-301.5528	-49.607
-62.71572	-302.34942	-50.765
-62.46582	-302.34942	-51.923
-61.4703	-302.74824	-53.083
-61.71918	-302.74824	-54.242
-62.46582	-303.54486	-55.404
-62.9646	-303.54486	-56.567
-62.46582	-303.54486	-57.729
-62.21694	-302.74824	-58.889
-62.46582	-301.95162	-60.045
-63.21348	-299.95956	-61.194
-63.96012	-297.9675	-62.335
-63.96012	-295.17882	-63.465
-63.96012	-292.39116	-64.585
-63.71124	-290.00028	-65.696
-63.46236	-287.2116	-66.796
-63.21348	-283.2285	-67.88
-63.46236	-280.04202	-68.953
-62.71572	-275.26128	-70.007
-62.21694	-271.27818	-71.046
-62.21694	-267.29406	-72.07
-61.96806	-262.51434	-73.075
-61.22142	-258.53022	-74.065
-61.71918	-254.54712	-75.04
-60.97254	-248.96976	-75.993
-60.72264	-244.19004	-76.928
-60.47376	-239.0115	-77.844
-59.72712	-234.62958	-78.742
-59.22936	-228.65442	-79.618
-58.73058	-223.87368	-80.475
-58.23282	-219.09396	-81.314
-57.98394	-213.91542	-82.134
-57.73506	-207.94026	-82.93
-56.73852	-203.15952	-83.708
-55.743	-197.98098	-84.466
-54.99534	-192.00582	-85.202
-54.49758	-186.82728	-85.917
-53.74992	-181.24992	-86.611
-53.50104	-175.27476	-87.282
-52.7544	-170.09622	-87.934
-52.25664	-164.91768	-88.565
-51.50898	-159.34134	-89.176
-50.51346	-153.36618	-89.763
-49.51692	-148.18662	-90.33
-48.77028	-142.21146	-90.875
-48.02262	-136.63512	-91.398
-47.52486	-130.65996	-91.899
-47.0271	-125.48142	-92.379
-46.03056	-119.90406	-92.838
-46.03056	-114.3267	-93.276
-46.03056	-108.35154	-93.691
-46.27944	-102.7752	-94.085
-46.77822	-96.80004	-94.456
-46.77822	-91.22268	-94.805
-47.0271	-86.04414	-95.134
-46.03056	-80.46678	-95.443
-45.78168	-74.49162	-95.728
-45.5328	-68.51646	-95.99
-45.78168	-62.5413	-96.23
-45.03504	-56.96394	-96.448
-43.29186	-52.58202	-96.649
-42.29532	-49.39554	-96.838
-41.0499	-45.41244	-97.012
-39.8055	-40.2339	-97.166
-39.05784	-35.45316	-97.302
-37.56354	-30.67344	-97.42
-36.56802	-27.88476	-97.526
-35.07372	-26.29152	-97.627
-33.33054	-23.90064	-97.719
-32.08512	-21.9096	-97.803
-30.59082	-19.51974	-97.877
-29.09754	-17.12886	-97.943
-27.85212	-15.13782	-98.001
-26.10894	-13.54356	-98.053
-24.11688	-12.74694	-98.102
-22.12482	-11.95032	-98.147
-19.88286	-10.35708	-98.187
-18.13968	-9.56046	-98.224
-16.14762	-8.36502	-98.256
-13.6578	-7.1706	-98.283
-10.6692	-6.37398	-98.308
-7.6806	-5.97516	-98.33
-4.69302	-5.97516	-98.353
-1.45554	-5.17854	-98.373
1.78194	-4.77972	-98.391
5.76606	-3.5853	-98.405
10.24896	-3.18648	-98.417
15.72738	-2.78868	-98.428
20.95692	-3.18648	-98.44
26.43534	-3.5853	-98.454
31.91376	-1.19544	-98.459
37.88994	1.59324	-98.452
43.61826	2.78868	-98.442
49.09668	1.59324	-98.436
54.07632	-0.39882	-98.437
58.55922	-0.79662	-98.44
62.79222	-0.39882	-98.442
66.77736	0.39882	-98.44
70.5126	0.39882	-98.439
73.99896	0.39882	-98.437
77.48532	0	-98.437
80.22402	0	-98.437
82.96374	0	-98.437
84.20814	0	-98.437
85.70244	0	-98.437
86.4501	0	-98.437
87.19674	0.39882	-98.436
87.6945	1.59324	-98.43
87.6945	3.5853	-98.416
87.6945	8.36502	-98.384
86.4501	13.54356	-98.332
85.45356	18.7221	-98.26
84.20814	22.70622	-98.173
82.96374	27.08814	-98.07
81.71832	33.0633	-97.943
80.72178	39.43728	-97.792
79.72626	46.60686	-97.613
78.9786	53.77746	-97.407
77.7342	60.94806	-97.174
77.23542	68.11866	-96.913
77.48532	75.28824	-96.625
77.23542	82.85766	-96.308
77.23542	90.82386	-95.96
77.7342	99.5877	-95.578
77.98308	107.95374	-95.165
77.7342	115.92096	-94.721
77.98308	124.28598	-94.245
77.48532	133.04982	-93.735
76.98654	141.81366	-93.192
77.48532	150.5775	-92.616
77.23542	159.73914	-92.004
76.98654	168.10518	-91.36
76.73766	177.26682	-90.681
76.2399	186.42846	-89.967
76.48878	195.98892	-89.217
77.23542	204.75276	-88.433
78.72972	213.91542	-87.613
80.72178	222.67926	-86.761
82.46496	231.4431	-85.874
83.95926	242.19798	-84.947
85.20468	243.39342	-84.015
86.4501	252.15726	-83.049
88.69104	256.93698	-82.065
90.43422	261.3189	-81.064
91.92852	265.70082	-80.047
92.92404	269.68494	-79.014
93.6717	273.27024	-77.967
94.41834	276.85452	-76.907
94.66722	279.2454	-75.838
95.41488	282.43188	-74.756
95.41488	284.02512	-73.668
95.91264	285.61836	-72.575
95.166	288.00924	-71.472
95.66376	290.00028	-70.361
95.91264	291.59352	-69.244
95.41488	293.58558	-68.12
95.41488	293.9844	-66.994
95.41488	294.78102	-65.865
95.66376	295.97544	-64.732
95.91264	296.77206	-63.595
95.66376	298.36632	-62.452
95.91264	298.76412	-61.308
95.91264	299.95956	-60.16
95.66376	299.95956	-59.011
95.66376	300.75618	-57.859
94.9161	301.15398	-56.706
93.92058	301.15398	-55.552
93.42282	301.5528	-54.398
92.67516	302.74824	-53.238
92.1774	302.74824	-52.079
91.92852	302.74824	-50.919
90.93198	303.54486	-49.757
90.6831	303.94266	-48.593
90.18534	303.14604	-47.432
90.6831	303.14604	-46.271
90.6831	301.5528	-45.116
89.93646	299.95956	-43.967
90.18534	297.5697	-42.828
90.6831	294.78102	-41.699
90.18534	292.78896	-40.578
90.18534	290.3991	-39.465
89.68758	287.2116	-38.366
88.93992	283.62732	-37.279
88.69104	279.2454	-36.21
87.6945	275.26128	-35.156
86.69898	271.27818	-34.117
86.20122	267.29406	-33.093
84.9558	263.31096	-32.085
83.71038	258.53022	-31.095
82.71486	253.7505	-30.123
82.21608	248.57196	-29.171
81.22056	246.1821	-28.228
80.72178	236.62164	-27.322
79.72626	234.62958	-26.423
79.72626	229.84884	-25.543
78.9786	224.6703	-24.683
77.48532	218.29734	-23.847
76.98654	213.1188	-23.031
76.48878	207.94026	-22.234
75.99102	203.15952	-21.456
74.7456	197.98098	-20.698
74.24784	192.40464	-19.961
73.75008	186.82728	-19.246
72.75354	180.85212	-18.553
71.757	175.27476	-17.882
70.76148	170.49504	-17.229
69.26718	164.91768	-16.597
67.524	159.34134	-15.987
66.0297	153.36618	-15.4
64.78428	147.78882	-14.834
63.53988	142.21146	-14.289
61.7967	136.2363	-13.768
60.3024	131.05776	-13.266
58.06146	125.48142	-12.785
56.0694	119.90406	-12.326
53.0808	114.72552	-11.886
50.58996	107.95374	-11.473
48.10014	102.7752	-11.079
46.10808	97.19784	-10.707
43.11948	90.82386	-10.359
40.62966	85.24752	-10.033
37.39218	80.06898	-9.726
34.90236	74.49162	-9.441
32.16264	68.91528	-9.177
29.17404	62.5413	-8.938
25.93758	56.96394	-8.719
22.20132	52.18422	-8.52
18.71496	48.99774	-8.332
14.48196	45.01362	-8.16
10.49784	40.6317	-8.004
6.26382	35.45316	-7.868
1.78194	30.67344	-7.751
-2.45208	27.88476	-7.644
-6.18732	25.8927	-7.545
-10.42032	23.50284	-7.455
-13.40892	21.51078	-7.372
-17.14416	19.51974	-7.298
-19.63398	17.12886	-7.232
-22.62258	15.53562	-7.173
-25.86006	13.14576	-7.122
-29.09754	11.95032	-7.076
-32.334	11.95032	-7.031
-36.06924	10.7559	-6.989
-40.05438	9.56046	-6.953
-44.28738	8.76384	-6.919
-48.77028	7.1706	-6.892
-53.00328	6.37398	-6.867
-57.48618	5.97516	-6.845
-61.22142	5.57736	-6.823
-64.95666	4.77972	-6.805
-67.69536	4.77972	-6.787
-70.68396	3.5853	-6.773
-73.17378	3.5853	-6.759
-75.41574	2.78868	-6.748
-76.66014	3.18648	-6.736
-77.15892	2.78868	-6.726
-77.90556	0.39882	-6.724
-78.15444	-1.19544	-6.729
-78.15444	-1.59324	-6.735
-78.40332	-0.39882	-6.736
-78.9021	0.39882	-6.735
-79.15098	0.39882	-6.733
-80.3964	0.39882	-6.732
-81.39192	-0.39882	-6.733
-82.63734	0	-6.733
-84.38052	0.39882	-6.732
-86.1237	-0.39882	-6.733
-87.3681	0.39882	-6.732
-87.3681	-0.39882	-6.733
-88.11576	0	-6.733
-88.36464	0.39882	-6.732
-88.36464	-0.39882	-6.733
-87.618	-1.19544	-6.738
-86.62146	-3.5853	-6.751
-85.62492	-7.96722	-6.782
-84.13164	-13.54356	-6.834
-82.13958	-17.92548	-6.903
-80.1465	-23.10402	-6.991
-78.65322	-27.48594	-7.096
-76.66014	-33.0633	-7.223
-75.41574	-39.43728	-7.374
-73.67256	-46.20906	-7.551
-71.92938	-53.37966	-7.755
-70.43508	-60.54924	-7.987
-69.43854	-68.51646	-8.25
-68.6919	-75.28824	-8.538
-67.69536	-82.85766	-8.855
-67.1976	-90.82386	-9.203
-67.44648	-99.1899	-9.583
-67.44648	-107.55492	-9.995
-67.1976	-116.71758	-10.442
-67.1976	-124.28598	-10.918
-67.69536	-133.44762	-11.429
-67.69536	-141.41484	-11.97
-66.94872	-150.5775	-12.547
-65.7033	-159.73914	-13.159
-64.70778	-167.30754	-13.8
-64.209	-177.66564	-14.48
-63.96012	-186.42846	-15.194
-63.46236	-195.98892	-15.944
-63.21348	-204.35496	-16.727
-62.46582	-213.91542	-17.546
-62.21694	-222.67926	-18.399
-62.71572	-231.8409	-19.287
-63.46236	-239.4093	-20.204
-64.70778	-246.1821	-21.147
-65.7033	-251.75844	-22.111
-66.45096	-256.93698	-23.095
-67.1976	-261.71772	-24.097
-68.94078	-266.09964	-25.116
-70.43508	-269.68494	-26.149
-71.6805	-272.87142	-27.194
-72.17826	-276.45672	-28.253
-71.92938	-279.2454	-29.322
-71.92938	-282.8307	-30.405
-72.17826	-284.42394	-31.494
-72.17826	-286.01718	-32.59
-70.68396	-287.61042	-33.691
-69.18966	-290.00028	-34.802
-67.69536	-291.59352	-35.919
-66.94872	-293.18778	-37.041
-66.20208	-294.3822	-38.169
-64.70778	-294.78102	-39.298
-63.21348	-295.57764	-40.43
-60.97254	-296.77206	-41.566
-60.72264	-298.36632	-42.709
-60.72264	-299.16294	-43.854
-60.22488	-299.56074	-45.002
-59.47824	-299.16294	-46.147
-58.4817	-300.75618	-47.299
-58.23282	-301.15398	-48.452
-58.4817	-301.95162	-49.609
-58.97946	-302.34942	-50.767
-58.97946	-301.95162	-51.923
-58.4817	-302.34942	-53.081
-58.97946	-302.74824	-54.24
-60.47376	-303.54486	-55.403
-61.4703	-303.54486	-56.565
-60.97254	-303.94266	-57.729
-60.97254	-303.14604	-58.89
-61.22142	-302.34942	-60.048
-61.96806	-299.95956	-61.197
-62.9646	-297.17088	-62.335
-62.46582	-294.3822	-63.462
-62.21694	-292.78896	-64.584
-62.21694	-290.7969	-65.697
-61.96806	-287.2116	-66.797
-62.21694	-283.62732	-67.883
-62.21694	-279.6432	-68.954
-61.71918	-274.86348	-70.007
-61.4703	-271.27818	-71.046
-60.72264	-267.29406	-72.07
-60.22488	-262.91214	-73.076
-60.22488	-258.53022	-74.067
-60.22488	-254.14932	-75.04
-59.72712	-248.96976	-75.993
-59.22936	-243.79122	-76.927
-58.23282	-239.4093	-77.844
-57.23628	-235.0284	-78.744
-56.73852	-229.05222	-79.621
-56.24076	-223.87368	-80.478
-55.4931	-218.29734	-81.314
-54.74646	-213.5166	-82.132
-53.74992	-207.94026	-82.928
-52.50552	-203.55834	-83.708
-51.50898	-197.98098	-84.466
-51.01122	-192.40464	-85.203
-50.26458	-186.42846	-85.917
-49.7658	-180.85212	-86.61
-49.26804	-175.27476	-87.281
-48.2715	-169.69842	-87.931
-47.0271	-165.3165	-88.564
-46.77822	-159.73914	-89.176
-46.27944	-153.76398	-89.764
-45.5328	-147.78882	-90.33
-44.53626	-141.81366	-90.874
-44.28738	-136.2363	-91.395
-44.53626	-131.05776	-91.897
-43.78962	-125.48142	-92.378
-43.29186	-120.30288	-92.838
-43.04196	-114.3267	-93.276
-42.79308	-108.35154	-93.691
-42.79308	-102.7752	-94.085
-42.29532	-96.40122	-94.454
-41.29878	-91.6215	-94.805
-40.05438	-86.04414	-95.134
-39.05784	-80.8656	-95.444
-38.3112	-74.09382	-95.728
-37.81242	-68.51646	-95.99
-36.8169	-62.14248	-96.228
-36.06924	-57.36276	-96.448
-34.82484	-52.18422	-96.648
-33.57942	-49.39554	-96.837
-32.5839	-45.41244	-97.011
-31.58736	-40.2339	-97.165
-30.09306	-35.05536	-97.299
-28.84764	-31.07124	-97.418
-27.60324	-28.28256	-97.526
-26.6067	-25.8927	-97.626
-25.1124	-24.29946	-97.719
-23.36922	-21.51078	-97.801
-22.3737	-19.51974	-97.876
-21.12828	-17.12886	-97.941
-19.63398	-15.13782	-97.999
-18.13968	-13.54356	-98.051
-16.89528	-12.74694	-98.1
-15.1521	-11.95032	-98.146
-13.16004	-10.7559	-98.187
-11.41686	-9.16164	-98.222
-9.42378	-8.36502	-98.254
-6.93396	-7.1706	-98.282
-4.9419	-6.77178	-98.308
-2.20218	-5.97516	-98.33
0.53652	-5.97516	-98.353
3.27624	-5.17854	-98.373
5.76606	-4.38192	-98.39
8.50578	-3.9831	-98.405
12.24102	-2.78868	-98.416
15.97626	-3.18648	-98.428
19.46262	-3.18648	-98.44
23.69562	-3.18648	-98.452
27.68076	-1.19544	-98.457
31.416	1.19544	-98.452
35.40012	2.38986	-98.443
39.63312	1.59324	-98.437
44.11602	0	-98.437
48.5979	-1.19544	-98.442
52.58304	-0.39882	-98.443
56.81604	0.39882	-98.442
60.80016	0.39882	-98.44
64.28652	0.39882	-98.439
68.02176	0	-98.439
71.25924	0	-98.439
73.99896	0	-98.439
75.99102	0	-98.439
77.7342	0.39882	-98.437
78.72972	0	-98.437
79.2285	0	-98.437
80.22402	0.79662	-98.434
80.72178	2.38986	-98.425
80.72178	5.97516	-98.402
80.22402	10.7559	-98.361
79.72626	15.93444	-98.3
79.2285	20.71416	-98.221
78.23196	25.09608	-98.124
77.23542	29.87682	-98.01
76.73766	36.24978	-97.871
76.48878	43.02156	-97.706
75.24336	50.19216	-97.514
74.7456	57.36276	-97.295
73.75008	64.53336	-97.047
73.50018	71.70294	-96.773
72.75354	78.87354	-96.471
72.75354	86.84076	-96.138
72.75354	95.20578	-95.774
72.50466	103.57182	-95.377
72.25578	112.33566	-94.947
71.757	119.90406	-94.488
72.0069	129.46452	-93.992
71.50812	136.63512	-93.468
71.50812	145.79676	-92.91
72.50466	155.35722	-92.315
72.75354	164.12106	-91.687
72.75354	172.8849	-91.025
73.2513	181.64874	-90.329
73.75008	191.2092	-89.597
74.49672	199.97304	-88.831
76.2399	209.13468	-88.03
78.23196	218.69514	-87.192
80.4729	229.05222	-86.315
81.9672	233.83296	-85.42
83.95926	243.39342	-84.488
85.20468	249.36858	-83.533
86.69898	254.14932	-82.559
88.44216	258.92904	-81.568
90.6831	263.70978	-80.558
92.1774	267.69288	-79.533
93.17292	271.67598	-78.492
94.41834	274.86348	-77.44
94.66722	278.44878	-76.373
95.41488	280.83864	-75.298
95.66376	283.2285	-74.213
96.4104	284.82174	-73.122
96.65928	286.8138	-72.024
96.4104	288.40704	-70.919
96.65928	290.7969	-69.806
96.16152	292.39116	-68.686
95.166	294.78102	-67.557
95.41488	296.37426	-66.422
94.9161	293.58558	-65.298
95.66376	295.57764	-64.166
95.91264	297.17088	-63.028
94.9161	299.16294	-61.882
94.9161	299.95956	-60.733
94.41834	299.95956	-59.584
94.66722	300.35736	-58.434
94.41834	300.35736	-57.284
93.6717	300.75618	-56.132
92.67516	301.95162	-54.976
92.1774	301.95162	-53.819
91.42974	303.14604	-52.658
91.67964	302.74824	-51.499
91.18086	302.74824	-50.34
91.18086	302.74824	-49.18
91.42974	303.54486	-48.018
91.42974	303.94266	-46.854
91.67964	303.94266	-45.69
92.1774	301.15398	-44.536
92.42628	297.9675	-43.395
92.92404	295.57764	-42.263
93.6717	293.18778	-41.141
93.6717	291.99234	-40.022
93.92058	289.20366	-38.915
93.42282	285.61836	-37.821
92.67516	281.63526	-36.742
92.67516	277.65114	-35.679
92.67516	272.87142	-34.634
93.17292	269.28612	-33.603
92.92404	265.30302	-32.587
91.92852	260.9211	-31.587
91.42974	256.14036	-30.607
90.18534	251.75844	-29.642
89.68758	246.5799	-28.698
89.1888	241.40136	-27.774
88.19328	237.01944	-26.866
87.6945	231.8409	-25.978
86.69898	226.66236	-25.11
85.95132	221.48382	-24.262
85.20468	215.90748	-23.435
84.20814	210.33012	-22.629
83.4615	205.54938	-21.842
83.21262	201.16746	-21.072
82.46496	194.7945	-20.326
81.9672	189.61596	-19.6
81.22056	184.0386	-18.895
79.97514	178.06344	-18.213
78.72972	172.4871	-17.552
77.48532	167.70636	-16.91
75.74214	162.52782	-16.288
73.99896	156.15384	-15.69
72.50466	150.5775	-15.113
70.5126	145.00014	-14.558
69.0183	139.4238	-14.024
67.27512	133.84644	-13.511
65.53194	128.26908	-13.02
63.0411	122.29392	-12.552
61.04904	117.5142	-12.102
58.31034	111.93684	-11.673
55.8195	104.36844	-11.273
53.32968	99.98652	-10.89
50.34108	94.01136	-10.53
47.1036	88.434	-10.192
42.62172	82.85766	-9.874
38.88648	77.2803	-9.578
34.65246	71.30514	-9.305
30.66834	65.72778	-9.054
26.9331	59.75262	-8.825
22.20132	54.17628	-8.617
17.96832	50.59098	-8.423
13.23654	47.00568	-8.243
9.00354	42.62376	-8.08
5.01942	37.84302	-7.935
1.28418	33.0633	-7.809
-2.45208	29.478	-7.696
-5.43966	26.68932	-7.594
-8.67714	24.29946	-7.501
-12.41238	22.70622	-7.414
-15.40098	20.71416	-7.334
-18.63846	18.7221	-7.263
-22.12482	16.33224	-7.2
-25.1124	13.94238	-7.147
-28.84764	12.74694	-7.098
-33.33054	11.55252	-7.054
-38.06232	11.1537	-7.011
-42.29532	10.7559	-6.97
-46.77822	9.16164	-6.935
-50.51346	7.96722	-6.904
-54.74646	6.37398	-6.88
-58.73058	5.57736	-6.858
-61.96806	5.57736	-6.837
-64.70778	5.57736	-6.816
-66.94872	5.17854	-6.796
-68.94078	3.9831	-6.78
-70.93284	3.9831	-6.765
-72.42714	2.78868	-6.755
-74.17032	3.18648	-6.742
-75.16686	2.78868	-6.732
-75.9135	1.99206	-6.724
-76.91004	0	-6.724
-77.4078	-1.99206	-6.732
-78.15444	-0.79662	-6.735
-78.9021	0	-6.735
-80.1465	0.39882	-6.733
-81.14304	0.39882	-6.732
-81.88968	0	-6.732
-83.1351	-0.39882	-6.733
-84.6294	0.39882	-6.732
-86.37258	0	-6.732
-87.3681	-0.39882	-6.733
-87.618	0.39882	-6.732
-87.86688	-0.39882	-6.733
-88.61352	0.39882	-6.732
-88.8624	-0.39882	-6.733
-88.61352	-1.19544	-6.738
-87.86688	-3.5853	-6.751
-86.87034	-7.96722	-6.782
-85.37604	-13.54356	-6.834
-83.63286	-17.92548	-6.903
-81.88968	-23.10402	-6.991
-80.3964	-27.88476	-7.098
-78.40332	-33.0633	-7.224
-77.15892	-39.03846	-7.374
-74.91696	-46.20906	-7.551
-72.9249	-53.37966	-7.755
-71.92938	-60.94806	-7.989
-70.68396	-68.11866	-8.25
-69.43854	-75.28824	-8.538
-68.19414	-82.85766	-8.855
-67.1976	-90.82386	-9.203
-66.69984	-99.1899	-9.583
-66.45096	-107.95374	-9.996
-65.95218	-116.31876	-10.442
-65.45442	-124.28598	-10.918
-65.45442	-133.04982	-11.427
-64.95666	-141.41484	-11.969
-64.209	-150.5775	-12.546
-62.9646	-159.34134	-13.156
-61.96806	-168.50298	-13.801
-61.22142	-177.26682	-14.48
-60.97254	-186.42846	-15.194
-60.72264	-195.59112	-15.943
-60.22488	-204.35496	-16.726
-59.976	-213.91542	-17.545
-59.72712	-222.67926	-18.398
-60.47376	-232.23972	-19.287
-61.22142	-239.4093	-20.204
-61.71918	-246.1821	-21.147
-62.9646	-251.75844	-22.111
-63.46236	-256.93698	-23.095
-64.209	-261.71772	-24.097
-64.95666	-265.70082	-25.115
-66.45096	-269.28612	-26.146
-66.94872	-273.66804	-27.194
-67.1976	-276.0579	-28.251
-66.45096	-279.6432	-29.322
-66.45096	-282.43188	-30.404
-66.45096	-284.42394	-31.493
-66.45096	-286.01718	-32.588
-65.45442	-287.61042	-33.69
-63.71124	-290.00028	-34.8
-62.71572	-291.59352	-35.917
-62.21694	-293.18778	-37.04
-61.71918	-293.9844	-38.166
-60.47376	-295.17882	-39.296
-58.97946	-295.57764	-40.428
-57.73506	-297.17088	-41.566
-57.48618	-297.9675	-42.707
-57.48618	-299.16294	-43.853
-56.73852	-299.56074	-45
-55.4931	-299.56074	-46.147
-54.49758	-300.75618	-47.299
-53.74992	-300.75618	-48.451
-53.99982	-301.5528	-49.606
-53.50104	-302.34942	-50.764
-53.25216	-302.34942	-51.922
-52.50552	-302.74824	-53.081
-53.00328	-303.14604	-54.242
-53.99982	-303.14604	-55.403
-54.74646	-303.14604	-56.564
-54.99534	-303.54486	-57.726
-55.4931	-303.14604	-58.887
-56.24076	-302.34942	-60.045
-57.23628	-299.95956	-61.194
-59.22936	-297.9675	-62.335
-60.22488	-295.17882	-63.465
-60.72264	-291.99234	-64.584
-61.22142	-289.60248	-65.693
-61.4703	-287.2116	-66.793
-61.22142	-284.42394	-67.882
-61.71918	-280.04202	-68.954
-60.47376	-275.26128	-70.009
-60.22488	-271.27818	-71.047
-59.22936	-266.09964	-72.067
-57.98394	-262.91214	-73.073
-56.9874	-260.12448	-74.07
-56.9874	-253.35168	-75.04
-56.24076	-248.96976	-75.993
-54.49758	-243.79122	-76.927
-53.74992	-239.0115	-77.842
-53.00328	-234.62958	-78.741
-52.7544	-229.05222	-79.618
-52.00674	-224.2725	-80.477
-51.01122	-218.29734	-81.313
-50.51346	-213.5166	-82.131
-49.7658	-208.73688	-82.93
-48.5214	-203.15952	-83.708
-46.77822	-197.58318	-84.465
-45.78168	-192.00582	-85.2
-44.78514	-186.42846	-85.914
-43.78962	-181.24992	-86.608
-43.04196	-175.67358	-87.281
-41.54868	-170.49504	-87.934
-41.29878	-164.51988	-88.564
-41.0499	-159.34134	-89.174
-40.30326	-153.76398	-89.763
-40.05438	-147.39	-90.327
-39.5556	-142.21146	-90.872
-39.5556	-136.63512	-91.395
-39.30672	-131.05776	-91.897
-39.05784	-125.87922	-92.379
-38.56008	-119.90406	-92.838
-38.80896	-113.9289	-93.275
-38.80896	-108.35154	-93.69
-38.80896	-102.37638	-94.082
-39.05784	-97.19784	-94.454
-39.05784	-92.0193	-94.806
-38.80896	-86.04414	-95.136
-37.81242	-80.06898	-95.443
-37.31466	-74.49162	-95.728
-37.06578	-68.11866	-95.989
-36.31914	-62.5413	-96.228
-35.57148	-57.36276	-96.448
-34.82484	-52.58202	-96.649
-33.33054	-48.99774	-96.837
-31.83624	-45.01362	-97.009
-30.84072	-40.6317	-97.165
-29.09754	-35.45316	-97.301
-27.35436	-30.67344	-97.418
-25.1124	-27.88476	-97.525
-22.87146	-26.29152	-97.626
-20.38164	-23.90064	-97.717
-17.64192	-21.9096	-97.801
-15.40098	-19.12092	-97.874
-13.6578	-17.12886	-97.94
-12.1635	-15.53562	-97.999
-10.6692	-13.14576	-98.05
-9.1749	-12.74694	-98.099
-8.42826	-11.55252	-98.143
-7.18284	-10.7559	-98.184
-6.68508	-9.56046	-98.221
-5.43966	-8.36502	-98.253
-4.69302	-6.77178	-98.279
-3.69648	-6.77178	-98.305
-2.45208	-6.37398	-98.329
-0.95778	-5.97516	-98.352
0.03876	-5.57736	-98.373
0.03876	-4.77972	-98.391
0.03876	-3.5853	-98.405
-0.21012	-2.78868	-98.416
0.7854	-2.78868	-98.427
1.28418	-3.5853	-98.44
2.2797	-3.5853	-98.454
2.77746	-1.59324	-98.46
3.52512	1.59324	-98.454
5.01942	1.99206	-98.446
6.26382	1.59324	-98.44
8.2569	-0.79662	-98.443
10.74672	-0.79662	-98.446
13.48542	-0.79662	-98.449
16.7229	0.39882	-98.448
19.46262	0.39882	-98.446
23.19786	0	-98.446
26.68422	0	-98.446
30.41946	0	-98.446
33.40806	0	-98.446
36.14676	0	-98.446
38.88648	0.39882	-98.445
41.62518	0	-98.445
44.86266	0.39882	-98.443
47.85126	0.39882	-98.442
51.83538	2.38986	-98.433
55.32174	6.37398	-98.408
59.05698	11.1537	-98.366
63.0411	15.13782	-98.308
65.78082	17.52768	-98.24
69.0183	18.7221	-98.169
71.25924	19.12092	-98.095
73.75008	20.31636	-98.018
75.24336	23.10402	-97.929
75.74214	26.68932	-97.827
75.99102	31.47006	-97.706
74.99448	36.6486	-97.566
73.75008	41.42832	-97.407
72.50466	46.60686	-97.229
71.01036	52.18422	-97.029
70.01382	58.15938	-96.806
69.26718	64.93116	-96.558
67.77288	72.50058	-96.28
67.02624	79.67016	-95.975
66.52746	86.84076	-95.642
66.77736	94.01136	-95.282
66.77736	102.37638	-94.89
66.77736	109.94478	-94.469
66.52746	118.31082	-94.016
67.02624	126.67584	-93.531
66.77736	135.04188	-93.014
67.27512	143.4069	-92.465
68.27064	152.17074	-91.882
68.52054	160.53576	-91.267
68.52054	170.09622	-90.616
68.02176	178.86006	-89.931
67.77288	188.02272	-89.211
68.27064	196.38774	-88.459
68.76942	204.75276	-87.674
70.26372	214.31322	-86.854
72.25578	223.47588	-85.998
72.75354	232.63752	-85.107
74.24784	240.20694	-84.187
75.74214	246.97872	-83.241
77.48532	253.35168	-82.271
79.47738	255.74256	-81.292
81.46944	261.71772	-80.289
83.21262	266.49744	-79.269
84.70692	270.08274	-78.234
85.70244	274.06686	-77.185
86.94786	276.45672	-76.126
88.19328	279.6432	-75.055
87.9444	282.03306	-73.975
89.1888	284.42394	-72.886
89.43768	286.41498	-71.789
89.43768	288.00924	-70.686
89.68758	290.00028	-69.575
89.43768	291.99234	-68.457
89.68758	293.18778	-67.334
89.93646	293.9844	-66.208
89.93646	295.17882	-65.078
90.43422	296.37426	-63.943
90.43422	297.17088	-62.805
90.18534	298.36632	-61.662
90.43422	300.35736	-60.512
90.43422	297.17088	-59.374
90.43422	300.35736	-58.224
90.6831	300.75618	-57.072
89.68758	301.95162	-55.915
89.43768	301.95162	-54.759
88.69104	301.5528	-53.604
88.69104	301.95162	-52.448
88.93992	302.34942	-51.29
88.69104	302.74824	-50.131
89.43768	303.94266	-48.967
89.68758	303.54486	-47.804
90.6831	303.54486	-46.642
91.92852	302.34942	-45.484
92.42628	301.15398	-44.33
93.17292	298.36632	-43.188
94.16946	295.17882	-42.057
94.9161	292.78896	-40.936
94.66722	290.3991	-39.824
94.66722	287.61042	-38.723
93.92058	285.22056	-37.63
93.42282	278.84658	-36.562
93.17292	275.6601	-35.507
92.1774	271.67598	-34.466
91.67964	267.29406	-33.443
90.43422	262.91214	-32.436
89.43768	258.92904	-31.444
87.9444	254.14932	-30.471
87.19674	248.96976	-29.517
85.95132	244.19004	-28.582
85.70244	239.4093	-27.665
84.9558	235.82502	-26.762
84.20814	227.45898	-25.891
83.95926	224.2725	-25.032
83.4615	219.09396	-24.193
82.46496	214.31322	-23.372
81.9672	209.5335	-22.57
82.21608	204.35496	-21.787
81.71832	199.17642	-21.025
80.97168	193.59906	-20.283
80.72178	188.02272	-19.563
80.4729	182.44536	-18.864
79.97514	177.66564	-18.184
79.72626	172.4871	-17.523
79.2285	166.90974	-16.884
78.72972	161.33238	-16.266
78.48084	155.35722	-15.671
78.23196	150.17868	-15.096
77.98308	144.60234	-14.542
77.48532	139.02498	-14.01
77.7342	133.44762	-13.499
77.48532	127.87128	-13.009
77.23542	123.09054	-12.538
76.98654	116.31876	-12.092
76.98654	111.14022	-11.667
76.2399	105.56388	-11.263
75.99102	99.5877	-10.881
75.24336	93.61254	-10.523
74.24784	88.434	-10.184
72.50466	82.45884	-9.868
70.01382	77.2803	-9.572
67.77288	71.30514	-9.299
65.78082	65.72778	-9.047
63.0411	60.15144	-8.817
60.3024	54.17628	-8.61
57.06492	49.39554	-8.42
53.57856	45.81024	-8.245
49.59444	42.62376	-8.082
45.8592	38.64066	-7.934
42.12396	33.4611	-7.806
38.6376	29.87682	-7.691
34.1547	26.29152	-7.591
30.41946	24.29946	-7.497
26.18646	22.3074	-7.412
22.20132	20.71416	-7.333
18.46608	18.3243	-7.263
14.48196	16.33224	-7.2
10.00008	14.34018	-7.145
5.51718	13.14576	-7.095
1.28418	11.55252	-7.05
-3.4476	10.7559	-7.009
-7.6806	9.95928	-6.971
-12.1635	8.36502	-6.939
-16.14762	7.96722	-6.909
-19.88286	7.1706	-6.881
-24.11688	6.37398	-6.857
-28.59876	5.57736	-6.835
-32.334	5.17854	-6.816
-36.56802	4.77972	-6.797
-40.80102	3.9831	-6.782
-44.53626	4.38192	-6.765
-49.26804	3.18648	-6.753
-53.99982	2.78868	-6.742
-57.73506	2.78868	-6.732
-61.4703	1.99206	-6.724
-64.95666	0.79662	-6.721
-68.44302	-1.19544	-6.726
-71.4306	-1.59324	-6.732
-73.42368	-0.39882	-6.733
-75.16686	0.39882	-6.732
-77.15892	0.39882	-6.73
-78.40332	-0.39882	-6.732
-79.39986	0	-6.732
-80.64528	0	-6.732
-81.39192	0	-6.732
-81.88968	0	-6.732
-82.63734	0	-6.732
-82.63734	0	-6.732
-82.63734	0	-6.732
-82.63734	0	-6.732
-81.39192	0	-6.732
-80.89416	0	-6.732
-80.3964	0	-6.732
-80.1465	0	-6.732
-79.39986	-1.19544	-6.736
-77.90556	-3.18648	-6.748
-76.66014	-8.36502	-6.78
-75.9135	-13.14576	-6.831
-74.17032	-18.3243	-6.901
-73.17378	-23.10402	-6.989
-72.17826	-27.48594	-7.095
-71.4306	-33.0633	-7.221
-70.43508	-39.43728	-7.372
-69.68742	-46.20906	-7.549
-68.6919	-53.37966	-7.754
-67.94526	-60.94806	-7.987
-67.1976	-68.11866	-8.248
-66.45096	-75.28824	-8.536
-65.7033	-83.25546	-8.855
-64.70778	-90.82386	-9.203
-63.96012	-99.1899	-9.583
-63.46236	-107.95374	-9.996
-61.96806	-116.31876	-10.442
-60.72264	-124.6848	-10.919
-60.22488	-132.651	-11.427
-59.47824	-141.81366	-11.97
-58.23282	-150.17868	-12.546
-56.73852	-158.94252	-13.154
-55.24422	-168.10518	-13.798
-54.49758	-177.66564	-14.478
-54.2487	-186.42846	-15.192
-54.49758	-195.98892	-15.943
-54.2487	-204.35496	-16.726
-54.49758	-213.5166	-17.543
-54.99534	-222.67926	-18.396
-56.48964	-231.4431	-19.282
-58.23282	-239.80812	-20.201
-60.22488	-248.96976	-21.154
-61.71918	-249.36858	-22.109
-62.71572	-256.93698	-23.093
-63.96012	-261.71772	-24.095
-65.95218	-266.09964	-25.115
-67.1976	-270.08274	-26.149
-68.6919	-272.87142	-27.194
-68.44302	-276.0579	-28.251
-68.19414	-279.2454	-29.321
-67.69536	-282.43188	-30.402
-67.44648	-284.82174	-31.493
-66.94872	-286.41498	-32.59
-65.45442	-288.00924	-33.693
-63.71124	-289.20366	-34.8
-62.46582	-291.19572	-35.915
-61.71918	-293.18778	-37.038
-60.97254	-294.3822	-38.166
-59.72712	-295.17882	-39.296
-58.4817	-295.97544	-40.43
-57.23628	-296.77206	-41.566
-56.9874	-297.9675	-42.707
-57.23628	-299.16294	-43.853
-56.73852	-299.16294	-44.999
-55.99188	-299.95956	-46.147
-55.4931	-300.75618	-47.299
-54.99534	-301.15398	-48.452
-55.743	-301.5528	-49.607
-55.4931	-302.34942	-50.765
-54.99534	-301.95162	-51.922
-54.49758	-302.34942	-53.079
-54.74646	-303.14604	-54.24
-55.4931	-303.54486	-55.403
-55.99188	-303.54486	-56.565
-55.743	-303.54486	-57.728
-55.24422	-303.14604	-58.889
-55.4931	-301.95162	-60.045
-56.24076	-299.95956	-61.194
-57.23628	-297.9675	-62.335
-56.9874	-295.17882	-63.465
-57.73506	-292.39116	-64.585
-57.73506	-289.60248	-65.694
-57.73506	-286.8138	-66.793
-57.98394	-283.62732	-67.879
-58.73058	-280.04202	-68.951
-58.23282	-275.6601	-70.007
-57.48618	-271.67598	-71.047
-57.23628	-266.89626	-72.07
-56.73852	-262.91214	-73.076
-56.24076	-258.53022	-74.067
-56.24076	-253.7505	-75.038
-55.4931	-248.57196	-75.99
-54.49758	-244.58886	-76.927
-53.50104	-239.4093	-77.844
-52.50552	-234.62958	-78.742
-51.75786	-229.05222	-79.62
-51.01122	-223.87368	-80.477
-50.01468	-220.28838	-81.321
-49.26804	-211.12674	-82.129
-48.02262	-208.73688	-82.928
-46.77822	-203.55834	-83.708
-45.28392	-197.98098	-84.466
-44.28738	-191.607	-85.2
-43.04196	-186.82728	-85.915
-41.79756	-180.85212	-86.608
-40.80102	-175.67358	-87.281
-39.8055	-170.09622	-87.932
-39.05784	-164.91768	-88.564
-38.3112	-159.34134	-89.174
-38.06232	-153.36618	-89.761
-38.06232	-147.78882	-90.327
-38.3112	-142.61028	-90.874
-38.3112	-136.2363	-91.395
-38.06232	-131.05776	-91.897
-38.3112	-125.48142	-92.378
-38.56008	-119.90406	-92.837
-38.80896	-114.72552	-93.276
-39.5556	-107.95374	-93.69
-39.8055	-102.37638	-94.082
-40.30326	-97.19784	-94.454
-40.30326	-92.0193	-94.806
-39.5556	-86.04414	-95.136
-39.5556	-80.06898	-95.443
-39.05784	-74.49162	-95.728
-38.80896	-68.11866	-95.989
-38.80896	-62.5413	-96.228
-38.3112	-57.36276	-96.448
-37.06578	-52.58202	-96.649
-36.56802	-48.99774	-96.837
-35.57148	-45.41244	-97.011
-34.82484	-40.2339	-97.165
-33.8283	-35.05536	-97.299
-32.334	-31.07124	-97.418
-31.83624	-28.28256	-97.526
-30.59082	-26.29152	-97.627
-29.34642	-23.90064	-97.719
-28.101	-21.51078	-97.801
-26.85558	-19.51974	-97.876
-25.1124	-17.12886	-97.941
-24.36576	-15.53562	-98.001
-23.12034	-13.54356	-98.053
-21.62604	-12.34914	-98.1
-20.38164	-11.55252	-98.144
-19.13622	-11.1537	-98.187
-17.64192	-9.56046	-98.224
-16.89528	-8.36502	-98.256
-15.64986	-7.1706	-98.283
-14.65332	-6.37398	-98.308
-13.6578	-5.97516	-98.33
-12.66126	-5.57736	-98.352
-11.91462	-5.57736	-98.373
-11.41686	-4.77972	-98.391
-10.42032	-4.38192	-98.408
-9.67368	-2.78868	-98.419
-7.9305	-2.78868	-98.43
-5.68854	-2.78868	-98.44
-4.44414	-3.5853	-98.454
-2.70096	-1.99206	-98.462
-0.459	1.19544	-98.457
1.53306	2.38986	-98.448
3.774	1.19544	-98.443
6.26382	0	-98.443
9.25242	-0.79662	-98.446
12.73878	-0.79662	-98.449
16.97178	0.39882	-98.448
20.95692	0.39882	-98.446
25.4388	0	-98.446
30.17058	0	-98.446
35.89788	0	-98.446
40.62966	0	-98.446
44.86266	0	-98.446
48.5979	0.39882	-98.445
51.33762	0.39882	-98.443
53.82744	0.39882	-98.442
55.57062	0	-98.442
57.81258	0	-98.442
59.30586	1.59324	-98.436
61.54782	3.9831	-98.42
63.78876	8.76384	-98.387
66.0297	13.94238	-98.333
68.52054	17.92548	-98.265
70.01382	22.3074	-98.179
71.25924	25.4949	-98.082
72.25578	28.28256	-97.973
72.75354	31.07124	-97.854
73.50018	33.0633	-97.728
73.99896	35.85198	-97.591
73.75008	39.43728	-97.44
73.75008	44.61582	-97.269
72.75354	50.19216	-97.076
72.0069	56.56614	-96.86
71.25924	61.74468	-96.623
70.5126	68.11866	-96.362
69.51606	74.49162	-96.077
68.52054	81.2634	-95.766
68.02176	88.434	-95.427
67.27512	96.40122	-95.058
66.0297	103.96962	-94.66
65.28306	111.14022	-94.234
64.5354	119.90406	-93.775
64.28652	127.87128	-93.285
64.5354	135.8385	-92.765
66.27858	144.60234	-92.211
68.76942	152.56854	-91.627
70.76148	161.7312	-91.008
72.50466	170.89284	-90.353
74.49672	178.46226	-89.67
76.73766	185.63184	-88.959
78.72972	190.81038	-88.228
80.72178	195.59112	-87.479
83.71038	199.97304	-86.713
86.4501	204.75276	-85.929
88.69104	208.33806	-85.131
90.18534	212.32218	-84.318
91.42974	215.50866	-83.493
92.42628	218.69514	-82.655
93.17292	220.6872	-81.81
94.9161	223.07706	-80.956
96.16152	225.06912	-80.094
96.65928	226.66236	-79.226
96.90918	229.05222	-78.349
97.15806	230.64648	-77.465
97.15806	232.23972	-76.576
97.15806	232.63752	-75.685
97.15806	233.43414	-74.791
98.15358	235.0284	-73.891
97.9047	235.82502	-72.988
98.40246	237.41826	-72.079
98.90124	238.21488	-71.166
98.90124	238.61268	-70.253
100.39554	238.61268	-69.339
101.39106	238.61268	-68.425
102.13872	239.4093	-67.508
102.13872	240.60474	-66.587
102.88536	241.40136	-65.662
102.63648	241.80018	-64.736
102.63648	242.19798	-63.809
103.632	241.80018	-62.883
104.13078	241.40136	-61.958
103.632	240.60474	-61.037
103.13424	242.9946	-60.106
101.88882	244.19004	-59.171
100.64442	243.79122	-58.237
100.14564	243.39342	-57.305
99.89676	242.19798	-56.378
99.64788	242.19798	-55.45
98.65236	242.9946	-54.52
97.9047	243.39342	-53.587
96.65928	244.58886	-52.651
95.91264	244.98666	-51.713
95.66376	244.58886	-50.776
95.91264	242.9946	-49.845
95.41488	242.5968	-48.916
94.9161	243.39342	-47.984
94.16946	244.19004	-47.049
93.17292	245.38548	-46.109
92.42628	245.38548	-45.169
91.67964	244.58886	-44.233
90.6831	243.39342	-43.301
89.43768	242.9946	-42.37
88.69104	243.79122	-41.436
87.19674	244.98666	-40.498
85.70244	245.38548	-39.559
84.70692	244.98666	-38.62
84.70692	244.19004	-37.685
84.20814	243.79122	-36.751
83.95926	243.39342	-35.819
84.45804	244.19004	-34.884
83.71038	244.58886	-33.948
84.45804	244.58886	-33.011
85.20468	241.80018	-32.085
85.45356	238.61268	-31.171
85.20468	235.4262	-30.269
85.70244	233.03634	-29.377
85.70244	231.04428	-28.492
85.45356	228.65442	-27.616
84.9558	224.2725	-26.758
85.20468	219.89058	-25.915
85.45356	215.50866	-25.09
84.70692	211.52556	-24.28
84.45804	208.33806	-23.482
83.71038	204.75276	-22.698
83.4615	200.37084	-21.931
82.96374	195.59112	-21.182
82.46496	190.41258	-20.452
82.21608	185.63184	-19.742
81.71832	180.0555	-19.052
81.71832	176.4702	-18.376
80.97168	172.08828	-17.717
79.72626	166.51092	-17.079
79.2285	160.93458	-16.463
78.48084	154.95942	-15.87
77.48532	150.17868	-15.295
76.98654	145.00014	-14.739
75.74214	140.22042	-14.202
75.49224	134.64306	-13.687
75.24336	129.0657	-13.192
74.49672	123.48936	-12.719
74.49672	118.31082	-12.266
74.24784	112.33566	-11.836
74.49672	107.15712	-11.426
73.99896	101.57976	-11.037
74.24784	96.00342	-10.669
74.24784	90.42606	-10.323
73.50018	84.8487	-9.998
72.0069	79.27236	-9.694
71.01036	73.695	-9.412
70.01382	67.71984	-9.153
69.0183	62.5413	-8.913
67.02624	56.56614	-8.697
65.53194	51.3876	-8.5
63.78876	47.8023	-8.317
61.54782	43.8192	-8.149
59.30586	40.2339	-7.995
56.81604	35.85198	-7.858
54.32622	31.86786	-7.735
52.08426	27.48594	-7.63
49.59444	25.4949	-7.533
46.60584	23.10402	-7.444
43.36836	21.11298	-7.363
40.38078	19.51974	-7.288
36.89442	17.12886	-7.223
33.65694	15.53562	-7.163
29.67282	13.54356	-7.112
26.18646	11.95032	-7.066
22.45122	11.55252	-7.022
18.71496	9.95928	-6.983
14.48196	9.56046	-6.947
10.74672	8.36502	-6.915
7.01148	7.5684	-6.886
3.27624	6.37398	-6.861
-0.21012	5.17854	-6.841
-4.19526	5.17854	-6.822
-8.17938	5.17854	-6.802
-11.16696	5.17854	-6.782
-14.15556	4.38192	-6.765
-17.39304	3.5853	-6.751
-20.8794	2.38986	-6.742
-25.1124	2.38986	-6.733
-28.34988	2.38986	-6.724
-32.08512	2.38986	-6.715
-35.3226	0.39882	-6.713
-38.80896	-1.59324	-6.719
-43.04196	-1.99206	-6.727
-47.0271	-0.79662	-6.73
-50.26458	0.39882	-6.729
-53.74992	0.79662	-6.726
-57.23628	0.39882	-6.724
-59.72712	-0.39882	-6.726
-62.21694	-0.39882	-6.727
-64.70778	-0.39882	-6.729
-66.20208	0	-6.729
-67.44648	0	-6.729
-68.94078	0	-6.729
-69.43854	0	-6.729
-70.1862	0	-6.729
-71.18172	0	-6.729
-71.4306	0	-6.729
-71.92938	0	-6.729
-72.67602	0	-6.729
-72.67602	0	-6.729
-73.17378	0	-6.729
-73.67256	0	-6.729
-73.67256	0	-6.729
-73.67256	0	-6.729
-74.17032	0	-6.729
-74.4192	0	-6.729
-74.91696	0	-6.729
-75.9135	0	-6.729
-76.41126	0	-6.729
-77.4078	0	-6.729
-78.65322	0	-6.729
-80.1465	0	-6.729
-81.39192	0	-6.729
-82.88622	0	-6.729
-83.88276	0	-6.729
-85.12716	0	-6.729
-85.62492	0	-6.729
-85.87482	-0.39882	-6.73
-86.37258	0.39882	-6.729
-85.62492	-0.39882	-6.73
-85.12716	-0.79662	-6.733
-84.6294	-1.19544	-6.738
-83.63286	-2.78868	-6.748
-82.63734	-3.9831	-6.764
-80.89416	-5.57736	-6.785
-80.1465	-6.77178	-6.811
-79.15098	-8.36502	-6.843
-78.15444	-9.95928	-6.881
-77.4078	-11.95032	-6.927
-76.91004	-13.54356	-6.979
-75.66462	-16.33224	-7.041
-75.16686	-19.12092	-7.115
-74.66808	-21.11298	-7.195
-74.17032	-22.3074	-7.281
-73.42368	-23.90064	-7.372
-72.67602	-25.09608	-7.468
-71.92938	-27.48594	-7.574
-70.93284	-30.27462	-7.69
-69.68742	-31.86786	-7.812
-68.6919	-33.4611	-7.94
-67.44648	-34.65654	-8.073
-66.20208	-35.45316	-8.208
-64.95666	-37.44522	-8.352
-63.96012	-39.43728	-8.503
-62.46582	-41.42832	-8.661
-61.4703	-43.42038	-8.828
-60.72264	-44.61582	-8.999
-59.72712	-45.41244	-9.173
-58.73058	-46.20906	-9.35
-57.98394	-47.8023	-9.533
-57.48618	-49.39554	-9.722
-56.48964	-51.3876	-9.919
-55.99188	-52.98084	-10.121
-55.24422	-54.17628	-10.329
-54.99534	-54.57408	-10.538
-54.49758	-55.76952	-10.751
-53.50104	-56.96394	-10.97
-53.00328	-58.5582	-11.194
-52.25664	-60.15144	-11.424
-51.50898	-61.34586	-11.659
-51.01122	-62.14248	-11.897
-50.26458	-62.94012	-12.138
-49.26804	-63.73674	-12.382
-48.77028	-64.93116	-12.631
-48.02262	-66.1266	-12.884
-47.27598	-67.71984	-13.144
-46.52832	-68.11866	-13.404
-45.28392	-69.31308	-13.67
-44.28738	-70.50852	-13.94
-43.54074	-70.90632	-14.211
-42.79308	-72.10176	-14.488
-42.04644	-72.89838	-14.767
-41.54868	-73.695	-15.049
-41.0499	-74.89044	-15.336
-40.30326	-75.68706	-15.626
-40.30326	-76.08486	-15.917
-39.30672	-77.2803	-16.213
-39.30672	-78.07692	-16.512
-38.56008	-78.47574	-16.813
-38.56008	-79.67016	-17.118
-37.81242	-80.06898	-17.424
-37.56354	-80.8656	-17.734
-37.06578	-82.06104	-18.048
-36.56802	-82.45884	-18.364
-36.31914	-83.25546	-18.683
-35.3226	-83.65428	-19.003
-35.07372	-84.4509	-19.327
-34.07718	-84.8487	-19.652
-33.57942	-85.64532	-19.98
-32.83278	-86.84076	-20.312
-32.5839	-87.23958	-20.646
-31.83624	-87.63738	-20.982
-31.0896	-87.63738	-21.317
-30.34194	-88.434	-21.656
-29.84418	-89.62944	-21.999
-29.5953	-90.82386	-22.347
-29.09754	-90.42606	-22.694
-28.34988	-90.02724	-23.038
-27.35436	-91.6215	-23.389
-27.10446	-91.6215	-23.74
-27.10446	-93.21474	-24.097
-26.35782	-93.61254	-24.456
-25.86006	-92.41812	-24.809
-25.36128	-93.61254	-25.168
-25.36128	-94.40916	-25.53
-24.61464	-94.80798	-25.893
-24.11688	-95.20578	-26.257
-23.868	-96.00342	-26.625
-22.87146	-96.00342	-26.993
-23.12034	-96.80004	-27.363
-22.87146	-97.19784	-27.735
-22.62258	-97.19784	-28.108
-22.12482	-97.99446	-28.483
-21.62604	-97.99446	-28.858
-21.12828	-98.39328	-29.235
-20.8794	-99.1899	-29.615
-20.8794	-99.1899	-29.995
-20.63052	-99.5877	-30.376
-20.38164	-99.98652	-30.759
-19.88286	-99.98652	-31.142
-19.3851	-100.78314	-31.528
-18.88734	-101.18196	-31.915
-18.88734	-101.18196	-32.303
-18.13968	-101.97858	-32.694
-17.8908	-101.57976	-33.083
-17.8908	-101.97858	-33.473
-16.89528	-102.7752	-33.867
-16.3965	-103.173	-34.262
-16.3965	-103.173	-34.657
-16.14762	-103.96962	-35.055
-15.89874	-103.173	-35.45
-15.64986	-103.57182	-35.847
-15.40098	-103.96962	-36.245
-15.40098	-104.36844	-36.645
-14.90322	-105.16506	-37.047
-14.40444	-105.16506	-37.45
-14.15556	-105.16506	-37.853
-14.15556	-105.56388	-38.257
-13.90668	-105.16506	-38.66
-13.6578	-105.56388	-39.064
-13.6578	-106.3605	-39.472
-12.91014	-106.3605	-39.879
-12.66126	-107.15712	-40.289
-12.1635	-107.15712	-40.7
-12.41238	-107.15712	-41.11
-12.41238	-106.3605	-41.517
-12.1635	-107.15712	-41.928
-11.91462	-107.55492	-42.34
-11.41686	-107.95374	-42.753
-11.16696	-107.95374	-43.166
-11.16696	-108.35154	-43.581
-11.16696	-108.35154	-43.996
-10.6692	-108.35154	-44.411
-10.42032	-108.75036	-44.828
-10.42032	-108.75036	-45.244
-10.6692	-109.14816	-45.662
-10.6692	-109.14816	-46.08
-10.42032	-109.14816	-46.498
-10.42032	-109.54698	-46.918
-10.42032	-109.14816	-47.336
-10.91808	-108.75036	-47.752
-11.16696	-107.95374	-48.166
-11.66574	-107.55492	-48.578
-11.66574	-107.15712	-48.988
-11.41686	-106.3605	-49.395
-11.41686	-105.96168	-49.801
-11.66574	-105.16506	-50.204
-11.66574	-103.57182	-50.6
-12.41238	-102.37638	-50.993
-12.66126	-100.78314	-51.378
-12.91014	-99.5877	-51.76
-11.91462	-99.1899	-52.14
-10.91808	-97.99446	-52.515
-10.17144	-96.80004	-52.886
-10.6692	-94.40916	-53.247
-12.1635	-92.0193	-53.6
-13.16004	-90.42606	-53.946
-13.16004	-89.23062	-54.288
-12.1635	-92.0193	-54.64
-11.16696	-92.81592	-54.996
-11.16696	-92.41812	-55.35
-11.66574	-86.84076	-55.682
-12.91014	-83.25546	-56.001
-13.16004	-80.06898	-56.308
-13.16004	-78.87354	-56.61
-12.66126	-79.27236	-56.913
-12.41238	-79.67016	-57.218
-11.91462	-78.47574	-57.519
-11.66574	-76.08486	-57.81
-11.91462	-72.50058	-58.088
-11.91462	-70.90632	-58.359
-11.91462	-68.91528	-58.623
-11.66574	-68.51646	-58.886
-11.41686	-68.11866	-59.147
-10.42032	-68.11866	-59.407
-9.92256	-66.1266	-59.661
-10.17144	-63.73674	-59.905
-10.6692	-61.34586	-60.14
-10.42032	-59.75262	-60.369
-9.92256	-59.35482	-60.596
-9.67368	-59.35482	-60.823
-8.92602	-58.5582	-61.047
-8.42826	-57.76158	-61.269
-8.67714	-55.76952	-61.482
-9.1749	-53.37966	-61.687
-9.1749	-51.7854	-61.885
-8.42826	-51.3876	-62.082
-7.6806	-51.3876	-62.279
-7.43172	-50.98878	-62.474
-7.18284	-50.59098	-62.668
-6.93396	-48.99774	-62.855
-6.68508	-45.81024	-63.031
-6.68508	-45.01362	-63.203
-6.4362	-44.217	-63.372
-6.18732	-44.61582	-63.543
-5.68854	-44.217	-63.713
-5.19078	-43.8192	-63.88
-4.9419	-43.02156	-64.045
-4.69302	-40.6317	-64.201
-4.9419	-39.03846	-64.35
-4.9419	-38.24184	-64.497
-4.9419	-37.84302	-64.642
-4.69302	-38.64066	-64.79
-3.69648	-37.84302	-64.935
-3.94536	-37.44522	-65.078
-3.94536	-35.45316	-65.214
-4.19526	-34.65654	-65.346
-4.69302	-32.66448	-65.472
-4.19526	-33.0633	-65.598
-3.4476	-33.0633	-65.725
-3.4476	-33.4611	-65.853
-2.94984	-32.66448	-65.978
-3.19872	-30.67344	-66.095
-3.19872	-29.478	-66.208
-3.19872	-28.28256	-66.317
-3.19872	-28.68138	-66.427
-2.45208	-29.0802	-66.538
-2.45208	-29.0802	-66.649
-1.9533	-28.28256	-66.758
-2.20218	-26.68932	-66.86
-2.20218	-25.8927	-66.959
-2.20218	-24.69828	-67.054
-1.70442	-24.69828	-67.148
-1.70442	-25.4949	-67.246
-1.20666	-24.69828	-67.34
-1.45554	-24.69828	-67.435
-1.45554	-23.50284	-67.525
-1.45554	-22.3074	-67.61
-1.20666	-21.9096	-67.694
-1.70442	-21.51078	-67.777
-1.45554	-21.51078	-67.859
-1.20666	-21.9096	-67.943
-1.20666	-21.11298	-68.024
-0.95778	-20.31636	-68.102
-1.20666	-19.91754	-68.178
-1.20666	-19.12092	-68.251
-1.20666	-18.7221	-68.323
-1.45554	-18.3243	-68.393
-1.45554	-18.7221	-68.465
-0.95778	-18.3243	-68.535
-1.20666	-17.92548	-68.604
-1.20666	-17.12886	-68.669
-1.45554	-16.73106	-68.733
-1.70442	-16.33224	-68.796
-1.45554	-16.33224	-68.858
-1.20666	-15.93444	-68.919
-1.70442	-15.93444	-68.98
-1.70442	-15.53562	-69.04
-1.70442	-14.739	-69.096
-1.70442	-14.739	-69.153
-1.70442	-13.94238	-69.206
-1.70442	-14.34018	-69.261
-1.9533	-13.94238	-69.314
-1.9533	-13.94238	-69.368
-2.45208	-13.14576	-69.418
-2.20218	-13.14576	-69.468
-2.70096	-12.34914	-69.516
-2.94984	-12.34914	-69.563
-2.45208	-12.74694	-69.612
-2.45208	-11.95032	-69.658
-2.94984	-11.95032	-69.703
-3.19872	-11.55252	-69.748
-2.94984	-11.55252	-69.792
-3.19872	-10.7559	-69.833
-3.69648	-10.7559	-69.874
-3.4476	-10.35708	-69.914
-3.4476	-10.7559	-69.955
-3.69648	-10.7559	-69.996
-3.69648	-9.95928	-70.034
-3.94536	-9.95928	-70.073
-4.44414	-9.56046	-70.109
-4.69302	-9.16164	-70.144
-4.44414	-9.16164	-70.179
-4.69302	-9.16164	-70.214
-4.9419	-9.16164	-70.25
-5.43966	-8.76384	-70.283
-5.68854	-8.36502	-70.315
-6.18732	-8.36502	-70.347
-5.93742	-7.96722	-70.378
-6.18732	-7.96722	-70.408
-5.93742	-8.36502	-70.44
-6.4362	-8.36502	-70.472
-6.4362	-7.5684	-70.501
-6.68508	-6.77178	-70.527
-6.93396	-6.77178	-70.553
-6.93396	-7.1706	-70.581
-7.18284	-7.1706	-70.608
-6.93396	-7.1706	-70.636
-7.18284	-7.1706	-70.663
-7.18284	-6.77178	-70.689
-7.43172	-5.97516	-70.712
-7.43172	-5.97516	-70.735
-7.6806	-5.57736	-70.756
-7.43172	-6.37398	-70.78
-7.6806	-6.77178	-70.806
-7.6806	-5.97516	-70.829
-7.6806	-5.57736	-70.851
-7.6806	-5.57736	-70.872
-7.9305	-5.17854	-70.892
-7.9305	-4.77972	-70.91
-8.17938	-5.57736	-70.932
-7.6806	-5.57736	-70.953
-8.17938	-5.17854	-70.973
-8.92602	-5.17854	-70.993
-10.42032	-4.77972	-71.011
-10.17144	-4.77972	-71.029
-9.42378	-3.9831	-71.044
-8.17938	-4.38192	-71.061
-8.17938	-4.77972	-71.079
-8.17938	-1.99206	-71.087
-8.92602	1.59324	-71.081
-8.42826	3.18648	-71.069
-7.6806	1.59324	-71.063
-7.43172	0	-71.063
-6.93396	-1.59324	-71.069
-7.18284	-1.19544	-71.073
-6.93396	0	-71.073
-6.4362	0.79662	-71.07
-6.68508	0.39882	-71.069
-6.68508	0	-71.069
-6.18732	-0.39882	-71.07
-6.4362	0	-71.07
-6.18732	0.39882	-71.069
-6.18732	0	-71.069
-5.93742	-0.39882	-71.07
-5.68854	0.39882	-71.069
-5.68854	0	-71.069
-5.43966	-0.39882	-71.07
-5.19078	0.39882	-71.069
-4.9419	0	-71.069
-4.69302	-0.39882	-71.07
-4.69302	0.39882	-71.069
-4.19526	0	-71.069
-3.94536	-0.39882	-71.07
-3.94536	0.39882	-71.069
-3.4476	-0.39882	-71.07
-3.19872	0	-71.07
-3.19872	0.39882	-71.069
-2.94984	-0.39882	-71.07
-2.94984	0	-71.07
-2.94984	0.39882	-71.069
-2.20218	-0.39882	-71.07
-2.45208	0	-71.07
-2.20218	0.39882	-71.069
-1.9533	-0.39882	-71.07
-1.9533	0.39882	-71.069
-1.9533	0	-71.069
-1.45554	-0.39882	-71.07
-1.70442	0.39882	-71.069
-1.45554	0	-71.069
-1.20666	-0.39882	-71.07
-1.45554	0.39882	-71.069
-1.20666	0	-71.069
-0.95778	-0.39882	-71.07
-1.45554	0.39882	-71.069
-0.95778	0	-71.069
-0.95778	-0.39882	-71.07
-1.20666	0.39882	-71.069
-0.95778	0	-71.069
-0.95778	-0.39882	-71.07
-0.95778	0.39882	-71.069
-0.7089	0	-71.069
-0.95778	-0.39882	-71.07
-0.95778	0.39882	-71.069
-0.7089	0	-71.069
-0.95778	-0.39882	-71.07
-0.95778	0.39882	-71.069
-0.459	0	-71.069
-0.7089	-0.39882	-71.07
-0.7089	0.39882	-71.069
-0.21012	0	-71.069
-0.7089	-0.39882	-71.07
-0.459	0.39882	-71.069
-0.21012	0	-71.069
-0.459	-0.39882	-71.07
-0.21012	0.39882	-71.069
0	0	0
