[info]
speed	180
torque	/
position	/
gravity	/
termination type	/
termination val	/
stopmode	/
pause	/
[SetUp]	/
anatomical zero	/
mov1	/
mov2	/
end position	/
scale values	/
max GET mov1	/
max GET mov2	/
[filter]	/
filter	/
[markers by index]	/
move 1	/
move 2	/
max power start	/
max power end	/
	/
[data]
-8.67714	15.53562	-53.734
-8.92602	15.13782	-53.676
-8.92602	15.13782	-53.618
-8.92602	15.53562	-53.559
-8.92602	15.13782	-53.501
-8.67714	15.53562	-53.441
-8.92602	15.13782	-53.383
-8.67714	15.53562	-53.324
-8.42826	15.13782	-53.266
-8.67714	15.13782	-53.208
-8.67714	15.53562	-53.148
-8.67714	15.13782	-53.09
-8.92602	15.13782	-53.032
-8.42826	15.53562	-52.973
-8.67714	15.13782	-52.915
-8.92602	15.13782	-52.857
-8.92602	15.53562	-52.797
-8.92602	15.13782	-52.739
-8.42826	15.13782	-52.681
-8.67714	15.53562	-52.622
-8.92602	15.13782	-52.564
-8.67714	15.13782	-52.506
-8.67714	15.53562	-52.446
-8.67714	15.13782	-52.388
-8.92602	15.53562	-52.329
-8.67714	15.13782	-52.271
-8.67714	15.13782	-52.213
-9.1749	15.13782	-52.155
-8.92602	15.13782	-52.097
-9.1749	15.53562	-52.038
-9.1749	15.53562	-51.978
-8.92602	15.13782	-51.92
-9.1749	15.13782	-51.862
-9.42378	15.13782	-51.804
-9.1749	15.53562	-51.745
-9.1749	15.53562	-51.685
-9.1749	15.13782	-51.627
-9.1749	15.53562	-51.568
-9.1749	15.13782	-51.51
-9.67368	15.13782	-51.452
-9.1749	15.13782	-51.394
-9.1749	15.53562	-51.334
-9.42378	15.13782	-51.276
-9.42378	15.53562	-51.217
-9.42378	15.13782	-51.159
-9.67368	15.53562	-51.099
-9.42378	15.13782	-51.041
-9.42378	15.13782	-50.983
-9.42378	15.13782	-50.925
-9.42378	15.53562	-50.866
-9.67368	15.13782	-50.808
-9.67368	15.53562	-50.748
-9.67368	15.13782	-50.69
-9.67368	15.53562	-50.631
-9.67368	15.13782	-50.573
-9.67368	15.13782	-50.515
-9.92256	15.13782	-50.457
-9.92256	15.13782	-50.399
-10.17144	15.53562	-50.34
-9.92256	15.53562	-50.28
-9.92256	15.13782	-50.222
-9.67368	15.53562	-50.163
-9.42378	15.13782	-50.105
-9.67368	14.739	-50.048
-9.67368	15.53562	-49.989
-9.67368	15.53562	-49.929
-9.92256	15.13782	-49.871
-9.67368	15.53562	-49.812
-9.92256	15.13782	-49.754
-9.67368	15.13782	-49.696
-10.17144	15.53562	-49.636
-10.17144	15.13782	-49.578
-10.17144	15.53562	-49.519
-9.92256	15.13782	-49.461
-10.17144	15.13782	-49.403
-10.17144	15.53562	-49.343
-9.92256	15.13782	-49.285
-10.17144	15.53562	-49.226
-10.42032	15.13782	-49.168
-10.42032	15.13782	-49.11
-10.42032	15.13782	-49.052
-10.91808	15.53562	-48.993
-10.42032	15.13782	-48.935
-10.42032	15.53562	-48.875
-10.6692	15.13782	-48.817
-10.91808	15.53562	-48.758
-10.6692	15.13782	-48.7
-10.6692	15.13782	-48.642
-10.91808	15.53562	-48.582
-10.6692	15.13782	-48.524
-10.91808	15.13782	-48.466
-11.16696	15.53562	-48.407
-10.91808	15.13782	-48.349
-11.16696	15.13782	-48.291
-11.16696	15.53562	-48.231
-10.91808	15.13782	-48.173
-10.91808	15.53562	-48.114
-10.6692	15.13782	-48.056
-11.16696	15.13782	-47.998
-10.91808	15.53562	-47.938
-10.91808	15.13782	-47.88
-10.6692	15.53562	-47.821
-10.42032	15.13782	-47.763
-10.42032	15.53562	-47.703
-10.42032	15.13782	-47.645
-10.42032	15.13782	-47.587
-10.42032	15.13782	-47.53
-10.42032	15.53562	-47.47
-10.42032	15.13782	-47.412
-10.6692	15.53562	-47.353
-10.6692	15.13782	-47.295
-10.6692	15.13782	-47.237
-10.42032	15.53562	-47.177
-10.42032	15.13782	-47.119
-10.42032	15.13782	-47.061
-10.42032	15.53562	-47.002
-10.42032	15.13782	-46.944
-10.17144	15.53562	-46.884
-10.17144	15.13782	-46.826
-10.17144	15.13782	-46.768
-10.6692	15.53562	-46.709
-10.17144	15.13782	-46.651
-10.42032	15.13782	-46.593
-10.6692	15.53562	-46.533
-10.6692	15.13782	-46.475
-10.42032	15.13782	-46.417
-10.6692	15.53562	-46.358
-10.42032	15.13782	-46.3
-10.42032	15.53562	-46.24
-10.42032	14.739	-46.184
-10.42032	15.53562	-46.124
-10.6692	15.53562	-46.065
-10.91808	15.13782	-46.007
-10.42032	15.13782	-45.949
-10.6692	15.53562	-45.89
-10.42032	15.13782	-45.832
-10.42032	15.13782	-45.774
-10.42032	15.13782	-45.716
-10.6692	15.53562	-45.656
-10.91808	15.13782	-45.598
-10.91808	15.53562	-45.539
-10.6692	15.13782	-45.481
-10.91808	15.53562	-45.421
-10.6692	15.13782	-45.363
-10.91808	15.13782	-45.305
-10.6692	15.53562	-45.246
-10.6692	15.13782	-45.188
-10.6692	15.53562	-45.128
-10.42032	15.13782	-45.07
-10.91808	15.13782	-45.012
-10.91808	15.53562	-44.953
-10.91808	15.13782	-44.895
-10.42032	15.53562	-44.835
-10.6692	15.13782	-44.777
-10.91808	15.13782	-44.719
-10.6692	15.13782	-44.661
-10.6692	15.53562	-44.602
-10.91808	15.13782	-44.544
-10.42032	15.53562	-44.485
-10.6692	15.13782	-44.427
-10.91808	15.13782	-44.369
-10.91808	15.53562	-44.309
-10.91808	15.13782	-44.251
-10.42032	15.13782	-44.193
-10.42032	15.53562	-44.134
-10.42032	15.13782	-44.076
-10.42032	15.53562	-44.016
-10.42032	15.13782	-43.958
-10.91808	15.13782	-43.9
-10.42032	15.53562	-43.841
-10.91808	15.13782	-43.783
-10.91808	15.53562	-43.723
-10.91808	15.13782	-43.665
-10.6692	15.13782	-43.607
-10.91808	15.53562	-43.548
-10.91808	15.13782	-43.49
-10.91808	15.13782	-43.432
-11.16696	15.53562	-43.372
-10.91808	15.13782	-43.314
-10.91808	15.53562	-43.255
-11.16696	15.13782	-43.197
-10.91808	15.13782	-43.139
-11.41686	15.53562	-43.079
-11.41686	15.13782	-43.022
-11.41686	15.53562	-42.962
-11.41686	15.13782	-42.904
-11.41686	15.13782	-42.846
-11.41686	15.13782	-42.788
-11.41686	15.53562	-42.729
-11.41686	15.53562	-42.669
-11.41686	15.13782	-42.611
-11.91462	15.13782	-42.553
-11.41686	15.13782	-42.495
-11.66574	15.53562	-42.436
-11.66574	15.13782	-42.378
-11.41686	15.53562	-42.318
-11.41686	15.13782	-42.26
-11.66574	15.53562	-42.201
-11.41686	15.13782	-42.143
-11.66574	15.13782	-42.085
-11.41686	15.53562	-42.025
-11.66574	15.13782	-41.967
-11.41686	15.13782	-41.909
-11.41686	15.53562	-41.85
-11.41686	15.13782	-41.792
-11.66574	15.53562	-41.732
-11.66574	15.13782	-41.674
-11.41686	15.13782	-41.616
-11.41686	15.13782	-41.559
-11.41686	15.53562	-41.499
-11.66574	15.13782	-41.441
-11.66574	15.53562	-41.382
-11.66574	15.13782	-41.324
-11.41686	15.53562	-41.264
-11.66574	15.13782	-41.206
-11.66574	15.13782	-41.148
-11.16696	15.13782	-41.09
-11.41686	15.53562	-41.031
-11.41686	15.13782	-40.973
-11.41686	15.53562	-40.913
-11.41686	15.13782	-40.855
-11.66574	15.53562	-40.796
-11.66574	15.13782	-40.738
-11.91462	14.739	-40.681
-11.66574	15.53562	-40.622
-11.91462	15.53562	-40.562
-11.66574	15.13782	-40.504
-11.41686	15.53562	-40.445
-11.66574	15.13782	-40.387
-11.91462	15.13782	-40.329
-11.66574	15.53562	-40.269
-11.91462	15.13782	-40.211
-11.66574	15.13782	-40.153
-11.66574	15.53562	-40.094
-11.66574	15.13782	-40.036
-11.91462	15.13782	-39.978
-11.66574	15.13782	-39.92
-11.66574	15.53562	-39.861
-11.91462	15.13782	-39.803
-11.91462	15.53562	-39.743
-11.91462	15.13782	-39.685
-12.1635	15.13782	-39.627
-11.91462	15.13782	-39.569
-12.1635	15.53562	-39.51
-12.1635	15.13782	-39.452
-12.41238	15.53562	-39.392
-12.1635	15.53562	-39.333
-12.1635	15.13782	-39.275
-12.41238	15.13782	-39.217
-12.41238	15.13782	-39.159
-12.41238	15.13782	-39.101
-12.1635	15.53562	-39.041
-12.1635	15.53562	-38.982
-12.41238	15.53562	-38.922
-12.41238	15.13782	-38.864
-12.66126	15.13782	-38.806
-12.66126	15.13782	-38.748
-12.66126	15.13782	-38.69
-12.41238	15.53562	-38.631
-12.1635	15.13782	-38.573
-12.66126	15.53562	-38.514
-12.41238	15.13782	-38.456
-12.1635	15.53562	-38.396
-12.1635	15.13782	-38.338
-12.41238	15.13782	-38.28
-12.41238	15.13782	-38.222
-12.41238	15.13782	-38.164
-12.66126	15.53562	-38.105
-12.66126	15.13782	-38.047
-12.41238	15.53562	-37.987
-12.1635	15.53562	-37.928
-12.66126	14.739	-37.871
-12.41238	15.53562	-37.812
-12.41238	15.13782	-37.754
-12.66126	15.53562	-37.694
-12.41238	15.13782	-37.636
-12.66126	15.53562	-37.577
-12.41238	15.13782	-37.519
-12.41238	15.53562	-37.459
-12.41238	15.13782	-37.401
-12.41238	15.13782	-37.343
-12.41238	15.53562	-37.284
-12.66126	15.13782	-37.226
-12.66126	15.53562	-37.166
-12.91014	15.13782	-37.108
-12.66126	15.13782	-37.05
-12.91014	15.53562	-36.991
-12.91014	15.13782	-36.933
-12.66126	15.13782	-36.875
-12.66126	15.53562	-36.816
-13.16004	15.13782	-36.758
-12.66126	15.53562	-36.698
-12.91014	15.13782	-36.64
-12.66126	15.13782	-36.582
-12.66126	15.13782	-36.524
-12.66126	15.53562	-36.465
-12.91014	15.53562	-36.405
-12.91014	15.13782	-36.347
-12.91014	15.13782	-36.289
-12.91014	15.13782	-36.231
-12.91014	15.53562	-36.172
-12.41238	15.13782	-36.114
-12.66126	15.53562	-36.054
-12.41238	15.13782	-35.996
-12.41238	15.13782	-35.938
-12.41238	15.53562	-35.879
-12.41238	15.13782	-35.821
-12.41238	15.53562	-35.761
-12.66126	15.13782	-35.703
-12.41238	15.13782	-35.645
-12.41238	15.53562	-35.586
-12.41238	15.13782	-35.528
-12.1635	15.13782	-35.47
-12.1635	15.53562	-35.411
-12.1635	15.13782	-35.353
-12.1635	15.53562	-35.293
-12.41238	15.13782	-35.235
-12.1635	15.13782	-35.177
-12.1635	15.53562	-35.118
-12.1635	14.739	-35.061
-11.66574	15.53562	-35.002
-11.91462	15.53562	-34.942
-11.66574	15.13782	-34.884
-11.66574	15.53562	-34.825
-11.66574	15.13782	-34.767
-11.91462	15.13782	-34.709
-11.91462	15.53562	-34.649
-11.91462	15.13782	-34.591
-11.41686	15.13782	-34.533
-11.41686	15.53562	-34.474
-11.41686	15.13782	-34.416
-11.66574	15.13782	-34.358
-11.66574	15.53562	-34.298
-11.41686	15.13782	-34.24
-11.66574	15.53562	-34.181
-11.41686	15.13782	-34.123
-11.16696	15.13782	-34.065
-11.41686	15.13782	-34.007
-11.16696	15.53562	-33.948
-11.41686	15.13782	-33.89
-11.41686	15.53562	-33.83
-11.41686	15.13782	-33.772
-11.66574	15.53562	-33.713
-11.66574	15.13782	-33.655
-11.16696	15.13782	-33.597
-11.16696	15.13782	-33.539
-11.16696	15.53562	-33.479
-11.41686	15.13782	-33.421
-11.41686	15.53562	-33.362
-11.66574	15.13782	-33.304
-11.66574	15.53562	-33.244
-11.66574	15.13782	-33.186
-11.66574	15.13782	-33.128
-11.41686	15.13782	-33.07
-11.41686	15.53562	-33.011
-11.16696	15.53562	-32.951
-11.16696	15.13782	-32.893
-11.41686	15.13782	-32.835
-11.16696	15.53562	-32.776
-11.41686	15.13782	-32.718
-10.91808	15.53562	-32.658
-11.41686	15.13782	-32.6
-11.16696	15.13782	-32.542
-10.91808	15.13782	-32.485
-10.91808	15.13782	-32.427
-11.16696	15.53562	-32.367
-10.91808	15.53562	-32.308
-11.41686	15.13782	-32.25
-11.16696	15.13782	-32.192
-11.16696	15.13782	-32.134
-11.16696	15.13782	-32.076
-10.91808	15.53562	-32.016
-10.6692	15.53562	-31.957
-10.91808	15.13782	-31.899
-11.16696	15.53562	-31.839
-11.16696	15.13782	-31.781
-10.91808	15.13782	-31.723
-10.6692	15.53562	-31.664
-11.16696	15.13782	-31.606
-10.91808	15.13782	-31.548
-11.16696	15.13782	-31.49
-10.91808	15.53562	-31.43
-10.6692	15.53562	-31.371
-10.91808	15.13782	-31.313
-10.91808	15.13782	-31.255
-10.91808	15.13782	-31.197
-10.91808	15.53562	-31.137
-11.16696	15.53562	-31.078
-11.16696	15.13782	-31.02
-11.16696	15.53562	-30.96
-11.16696	15.13782	-30.903
-11.16696	15.13782	-30.845
-10.91808	15.53562	-30.785
-11.16696	15.13782	-30.727
-10.91808	15.13782	-30.669
-10.91808	15.53562	-30.61
-10.91808	15.13782	-30.552
-11.16696	15.13782	-30.494
-10.91808	15.53562	-30.434
-11.16696	15.13782	-30.376
-11.16696	15.13782	-30.318
-11.16696	15.53562	-30.259
-10.91808	15.13782	-30.201
-10.6692	15.53562	-30.141
-10.91808	15.13782	-30.083
-10.6692	15.13782	-30.025
-10.6692	15.53562	-29.966
-10.6692	15.13782	-29.908
-10.91808	15.53562	-29.848
-10.6692	15.13782	-29.79
-10.42032	15.13782	-29.732
-10.42032	15.53562	-29.673
-10.42032	15.13782	-29.615
-10.42032	15.53562	-29.555
-10.42032	15.13782	-29.497
-10.6692	15.13782	-29.44
-10.6692	15.13782	-29.382
-10.6692	15.53562	-29.322
-10.6692	15.13782	-29.264
-10.42032	15.53562	-29.205
-10.17144	15.13782	-29.147
-10.42032	15.13782	-29.089
-10.17144	15.53562	-29.029
-10.42032	15.13782	-28.971
-10.42032	15.13782	-28.913
-10.6692	15.53562	-28.854
-10.6692	15.13782	-28.796
-10.42032	15.53562	-28.736
-10.6692	15.13782	-28.678
-10.17144	15.13782	-28.62
-10.17144	15.53562	-28.561
-10.42032	14.739	-28.504
-10.6692	15.53562	-28.445
-10.6692	15.53562	-28.385
-10.6692	15.13782	-28.327
-10.6692	15.53562	-28.268
-10.42032	15.13782	-28.21
-10.91808	15.13782	-28.152
-10.91808	15.13782	-28.094
-10.6692	15.53562	-28.034
-10.91808	15.13782	-27.977
-10.91808	15.53562	-27.917
-10.91808	15.13782	-27.859
-10.6692	15.13782	-27.801
-10.91808	15.53562	-27.742
-11.16696	15.13782	-27.684
-10.91808	15.53562	-27.624
-11.16696	15.13782	-27.566
-11.16696	15.13782	-27.508
-11.16696	15.13782	-27.45
-11.16696	15.13782	-27.392
-10.91808	15.53562	-27.333
-10.91808	15.53562	-27.273
-11.16696	15.53562	-27.214
-11.16696	15.13782	-27.156
-11.41686	15.13782	-27.098
-11.16696	15.13782	-27.04
-11.41686	15.53562	-26.98
-11.41686	15.13782	-26.922
-11.16696	15.13782	-26.864
-11.16696	15.53562	-26.805
-11.66574	15.13782	-26.747
-11.16696	15.53562	-26.687
-11.16696	15.13782	-26.629
-11.41686	15.13782	-26.571
-11.41686	15.13782	-26.514
-11.41686	15.53562	-26.454
-11.16696	15.13782	-26.396
-11.41686	15.53562	-26.337
-11.41686	15.13782	-26.279
-11.41686	15.53562	-26.219
-11.41686	15.13782	-26.161
-11.16696	15.13782	-26.103
-10.91808	15.13782	-26.045
-11.41686	15.13782	-25.987
-11.16696	15.53562	-25.928
-11.16696	15.53562	-25.868
-11.66574	15.53562	-25.809
-11.16696	15.13782	-25.751
-11.66574	15.13782	-25.693
-11.66574	15.13782	-25.635
-11.66574	15.13782	-25.577
-11.66574	15.53562	-25.517
-11.41686	15.53562	-25.458
-11.41686	15.13782	-25.4
-11.66574	15.13782	-25.342
-11.41686	15.53562	-25.282
-11.41686	15.13782	-25.224
-11.41686	15.53562	-25.165
-11.41686	15.13782	-25.107
-11.41686	15.13782	-25.049
-11.41686	15.13782	-24.991
-11.91462	15.53562	-24.932
-11.91462	15.13782	-24.874
-12.1635	15.53562	-24.814
-12.1635	15.13782	-24.756
-12.1635	15.13782	-24.698
-12.1635	15.53562	-24.639
-12.1635	15.13782	-24.581
-11.66574	15.53562	-24.521
-11.91462	15.13782	-24.463
-12.1635	15.53562	-24.404
-11.91462	15.13782	-24.346
-12.1635	15.13782	-24.288
-12.1635	15.53562	-24.228
-12.1635	15.13782	-24.17
-12.1635	15.13782	-24.112
-11.66574	15.13782	-24.054
-11.91462	15.53562	-23.995
-11.91462	15.53562	-23.935
-11.66574	15.13782	-23.877
-11.91462	15.13782	-23.819
-11.91462	15.13782	-23.761
-11.41686	15.53562	-23.702
-11.41686	15.13782	-23.644
-11.41686	15.53562	-23.584
-11.16696	15.13782	-23.526
-11.66574	15.13782	-23.468
-11.41686	15.53562	-23.409
-11.41686	15.13782	-23.351
-10.91808	15.53562	-23.292
-11.16696	15.13782	-23.234
-11.16696	15.13782	-23.176
-10.91808	15.53562	-23.116
-10.91808	15.13782	-23.058
-10.91808	15.13782	-23
-10.6692	15.53562	-22.941
-10.6692	15.13782	-22.883
-10.91808	15.13782	-22.825
-10.91808	15.53562	-22.765
-10.91808	15.13782	-22.707
-10.42032	15.53562	-22.648
-10.6692	15.13782	-22.59
-10.6692	15.13782	-22.532
-10.42032	15.53562	-22.472
-10.42032	15.13782	-22.414
-10.91808	15.13782	-22.356
-10.91808	15.53562	-22.297
-10.91808	15.13782	-22.239
-10.91808	15.53562	-22.179
-10.91808	15.13782	-22.121
-10.6692	15.13782	-22.063
-10.91808	15.13782	-22.005
-10.6692	15.53562	-21.946
-10.42032	15.13782	-21.888
-10.6692	15.53562	-21.829
-10.6692	15.13782	-21.771
-10.91808	15.13782	-21.713
-10.91808	15.53562	-21.653
-10.6692	15.13782	-21.595
-10.91808	15.53562	-21.536
-10.6692	15.13782	-21.478
-10.6692	15.13782	-21.42
-10.91808	15.53562	-21.36
-10.6692	15.13782	-21.302
-10.91808	15.13782	-21.244
-10.91808	15.53562	-21.185
-10.42032	15.13782	-21.127
-10.6692	15.53562	-21.067
-10.42032	14.739	-21.011
-10.42032	15.53562	-20.951
-10.42032	15.53562	-20.892
-10.42032	15.13782	-20.834
-10.42032	15.53562	-20.774
-10.42032	15.13782	-20.716
-10.6692	15.13782	-20.658
-10.6692	15.53562	-20.599
-10.6692	15.13782	-20.541
-10.42032	15.53562	-20.481
-10.42032	15.13782	-20.423
-10.42032	15.13782	-20.366
-10.42032	15.13782	-20.308
-10.17144	15.53562	-20.248
-10.6692	15.53562	-20.189
-10.17144	15.13782	-20.131
-10.42032	15.13782	-20.073
-10.42032	15.13782	-20.015
-10.42032	15.13782	-19.957
-9.92256	15.53562	-19.897
-9.92256	15.53562	-19.838
-10.17144	15.13782	-19.78
-10.17144	15.53562	-19.72
-9.92256	15.13782	-19.662
-10.17144	15.13782	-19.604
-10.17144	15.53562	-19.545
-10.17144	15.13782	-19.487
-10.17144	15.13782	-19.429
-10.6692	15.13782	-19.371
-10.6692	15.53562	-19.311
-10.6692	15.13782	-19.253
-10.6692	15.53562	-19.194
-10.6692	15.13782	-19.136
-10.6692	15.13782	-19.078
-10.42032	15.53562	-19.018
-10.42032	15.13782	-18.96
-10.42032	15.53562	-18.901
-10.42032	15.13782	-18.843
-10.6692	15.53562	-18.784
-10.6692	15.13782	-18.726
-10.91808	15.13782	-18.668
-10.91808	15.53562	-18.608
-11.16696	15.13782	-18.55
-10.91808	15.13782	-18.492
-10.91808	15.53562	-18.433
-11.16696	15.13782	-18.375
-10.91808	15.53562	-18.315
-10.91808	15.13782	-18.257
-10.91808	15.13782	-18.199
-11.16696	15.13782	-18.141
-10.91808	15.53562	-18.082
-11.41686	15.13782	-18.024
-11.16696	15.53562	-17.964
-10.91808	15.13782	-17.906
-10.6692	15.53562	-17.847
-10.91808	15.13782	-17.789
-10.91808	15.13782	-17.731
-10.6692	15.13782	-17.673
-10.6692	15.53562	-17.613
-10.6692	15.13782	-17.555
-10.6692	15.53562	-17.496
-10.91808	15.13782	-17.438
-10.91808	15.13782	-17.38
-10.91808	15.53562	-17.321
-10.91808	15.13782	-17.263
-10.91808	15.13782	-17.205
-10.6692	15.53562	-17.145
-10.42032	15.13782	-17.087
-10.42032	15.53562	-17.028
-10.17144	15.13782	-16.97
-10.6692	15.13782	-16.912
-10.42032	15.53562	-16.852
-10.42032	15.13782	-16.794
-10.42032	15.53562	-16.735
-10.17144	15.13782	-16.677
-10.42032	15.13782	-16.619
-10.17144	15.13782	-16.561
-10.17144	15.53562	-16.501
-10.17144	15.13782	-16.443
-10.17144	15.53562	-16.384
-10.17144	15.13782	-16.326
-10.17144	15.13782	-16.268
-10.42032	15.53562	-16.208
-10.17144	15.13782	-16.15
-9.92256	15.53562	-16.091
-10.17144	15.13782	-16.033
-9.92256	15.13782	-15.975
-9.67368	15.53562	-15.915
-9.92256	15.13782	-15.858
-9.92256	15.53562	-15.798
-9.67368	15.13782	-15.74
-9.67368	15.13782	-15.682
-9.92256	15.13782	-15.624
-9.92256	15.53562	-15.565
-9.42378	15.53562	-15.505
-9.67368	15.13782	-15.447
-9.67368	15.13782	-15.389
-9.67368	15.13782	-15.331
-9.42378	15.13782	-15.273
-9.1749	15.53562	-15.214
-9.1749	15.53562	-15.154
-9.1749	15.13782	-15.096
-9.1749	15.53562	-15.037
-8.92602	15.13782	-14.979
-8.92602	15.13782	-14.921
-8.67714	15.53562	-14.861
-8.42826	15.13782	-14.803
-9.42378	15.13782	-14.745
-8.92602	15.53562	-14.686
-8.67714	15.13782	-14.628
-8.67714	15.53562	-14.568
-8.42826	15.13782	-14.51
-8.17938	15.13782	-14.452
-8.17938	15.13782	-14.395
-7.6806	15.53562	-14.335
-8.17938	15.13782	-14.277
-7.9305	15.53562	-14.218
-7.6806	15.13782	-14.16
-7.9305	15.53562	-14.1
-7.9305	15.13782	-14.042
-7.9305	15.13782	-13.984
-7.9305	15.53562	-13.925
-7.9305	15.13782	-13.867
-7.9305	15.13782	-13.809
-8.17938	15.53562	-13.749
-8.42826	15.13782	-13.691
-7.9305	15.53562	-13.632
-8.17938	15.13782	-13.574
-7.9305	15.13782	-13.516
-7.9305	15.13782	-13.458
-8.42826	15.53562	-13.398
-8.42826	15.13782	-13.34
-8.42826	15.53562	-13.281
-8.42826	15.13782	-13.223
-8.67714	15.53562	-13.163
-8.42826	15.13782	-13.105
-8.92602	15.13782	-13.047
-9.1749	15.53562	-12.988
-9.1749	15.13782	-12.93
-9.42378	15.53562	-12.87
-9.42378	15.13782	-12.813
-9.42378	15.13782	-12.755
-9.42378	15.53562	-12.695
-9.42378	15.13782	-12.637
-9.42378	15.13782	-12.579
-9.42378	15.53562	-12.52
-9.1749	15.13782	-12.462
-9.67368	15.53562	-12.402
-9.1749	15.13782	-12.344
-9.1749	15.13782	-12.286
-9.42378	15.53562	-12.227
-9.1749	15.13782	-12.169
-9.1749	15.13782	-12.111
-8.92602	15.53562	-12.051
-8.92602	15.13782	-11.993
-8.92602	15.13782	-11.935
-8.92602	15.53562	-11.876
-9.42378	15.13782	-11.818
-9.1749	15.53562	-11.758
-8.92602	15.13782	-11.7
-9.1749	15.13782	-11.642
-9.1749	15.53562	-11.583
-9.1749	15.13782	-11.525
-9.1749	15.13782	-11.467
-8.92602	15.53562	-11.407
-8.92602	15.13782	-11.35
-8.42826	15.53562	-11.29
-8.67714	15.13782	-11.232
-8.67714	15.13782	-11.174
-8.42826	15.53562	-11.115
-8.42826	15.13782	-11.057
-8.42826	15.13782	-10.999
-7.9305	15.53562	-10.939
-8.17938	15.13782	-10.881
-7.9305	15.53562	-10.822
-8.17938	15.13782	-10.764
-7.9305	15.13782	-10.706
-7.9305	15.13782	-10.648
-7.6806	15.53562	-10.588
-7.6806	15.13782	-10.53
-7.6806	15.53562	-10.471
-7.6806	15.13782	-10.413
-7.9305	15.53562	-10.353
-7.6806	15.13782	-10.295
-7.43172	15.13782	-10.237
-7.18284	15.53562	-10.178
-7.43172	15.13782	-10.12
-7.43172	15.13782	-10.062
-6.93396	15.13782	-10.004
-7.18284	15.53562	-9.944
-6.93396	15.53562	-9.885
-6.68508	15.13782	-9.827
-6.93396	15.13782	-9.769
-6.4362	15.13782	-9.711
-6.4362	15.53562	-9.652
-6.4362	15.13782	-9.594
-6.4362	15.53562	-9.534
-6.68508	15.13782	-9.476
-6.4362	15.53562	-9.417
-6.68508	15.13782	-9.359
-6.4362	15.13782	-9.301
-6.4362	15.53562	-9.241
-6.4362	15.13782	-9.183
-6.4362	15.13782	-9.125
-6.18732	15.53562	-9.066
-6.18732	15.13782	-9.008
-6.18732	15.13782	-8.95
-6.18732	15.53562	-8.89
-6.4362	15.13782	-8.832
-6.4362	15.53562	-8.773
-6.18732	15.13782	-8.715
-6.18732	15.53562	-8.655
-6.4362	15.13782	-8.597
-6.4362	15.13782	-8.539
-6.4362	15.53562	-8.48
-6.68508	15.13782	-8.422
-6.93396	15.53562	-8.362
-6.93396	15.13782	-8.305
-6.93396	15.13782	-8.247
-6.93396	15.13782	-8.189
-7.18284	15.53562	-8.129
-6.93396	15.13782	-8.071
-7.43172	15.53562	-8.012
-7.18284	15.13782	-7.954
-7.43172	15.13782	-7.896
-7.43172	15.13782	-7.838
-7.9305	15.53562	-7.778
-7.9305	15.13782	-7.72
-7.9305	15.53562	-7.661
-7.9305	15.13782	-7.603
-7.6806	15.53562	-7.543
-7.43172	15.13782	-7.485
-7.18284	15.13782	-7.427
-6.93396	15.53562	-7.368
-6.4362	15.13782	-7.31
-6.18732	15.13782	-7.252
-6.18732	14.34018	-7.197
-6.68508	13.54356	-7.145
-6.18732	11.95032	-7.099
-6.18732	9.95928	-7.061
-5.68854	8.76384	-7.028
-6.18732	7.5684	-6.999
-6.18732	7.5684	-6.97
-6.4362	7.5684	-6.941
-6.93396	7.1706	-6.913
-6.4362	5.97516	-6.89
-6.68508	4.38192	-6.874
-6.93396	3.9831	-6.858
-7.18284	3.18648	-6.846
-7.43172	3.9831	-6.831
-7.43172	3.9831	-6.816
-7.6806	3.5853	-6.802
-7.9305	3.18648	-6.79
-7.9305	1.99206	-6.782
-7.6806	1.59324	-6.776
-8.17938	1.59324	-6.77
-7.9305	1.99206	-6.762
-8.42826	1.99206	-6.755
-8.17938	1.99206	-6.747
-7.9305	1.19544	-6.742
-8.17938	1.19544	-6.738
-7.9305	0.39882	-6.736
-8.17938	0.79662	-6.733
-8.17938	1.19544	-6.729
-8.17938	0.79662	-6.726
-7.9305	1.19544	-6.721
-7.9305	0.79662	-6.718
-7.9305	-0.39882	-6.719
-7.9305	-0.39882	-6.721
-8.42826	0	-6.721
-8.42826	0	-6.721
-8.17938	0	-6.721
-8.17938	0	-6.721
-7.9305	0	-6.721
-7.6806	0	-6.721
-7.6806	0	-6.721
-7.18284	0	-6.721
-7.18284	0	-6.721
-7.18284	0	-6.721
-7.18284	0	-6.721
-6.93396	0	-6.721
-6.68508	0	-6.721
-6.4362	0	-6.721
-6.68508	0	-6.721
-6.4362	0	-6.721
-6.68508	0	-6.721
-6.68508	0	-6.721
-6.18732	0	-6.721
-6.18732	0	-6.721
-6.18732	0	-6.721
-6.18732	0	-6.721
-6.4362	0	-6.721
-6.4362	0	-6.721
-6.4362	0	-6.721
-6.18732	0	-6.721
-6.18732	0	-6.721
-6.18732	0	-6.721
-6.68508	0	-6.721
-6.68508	0	-6.721
-6.93396	0	-6.721
-7.18284	0	-6.721
-7.18284	0	-6.721
-7.18284	0	-6.721
-7.18284	0	-6.721
-7.18284	0	-6.721
-7.6806	0	-6.721
-7.6806	0	-6.721
-7.6806	0	-6.721
-7.43172	0	-6.721
-7.43172	0	-6.721
-7.43172	0	-6.721
-7.18284	0	-6.721
-7.43172	0	-6.721
-7.43172	0	-6.721
-7.43172	0	-6.721
-7.18284	0	-6.721
-7.18284	0	-6.721
-7.18284	0	-6.721
-7.43172	0	-6.721
-7.43172	0	-6.721
-7.43172	0	-6.721
-7.43172	0	-6.721
-6.93396	0	-6.721
-6.4362	0	-6.721
-5.43966	0	-6.721
-3.19872	0	-6.721
-2.20218	0	-6.721
-1.20666	0	-6.721
-0.459	0	-6.721
-0.21012	-0.79662	-6.724
0.03876	-3.18648	-6.736
0.53652	-7.5684	-6.765
2.03082	-11.95032	-6.811
2.2797	-15.13782	-6.869
2.52858	-17.12886	-6.935
2.52858	-17.92548	-7.003
2.2797	-18.3243	-7.073
2.2797	-19.12092	-7.147
2.52858	-21.9096	-7.231
3.02736	-25.09608	-7.327
3.02736	-28.28256	-7.435
2.77746	-29.87682	-7.549
2.03082	-30.27462	-7.665
0.53652	-30.67344	-7.783
-0.95778	-31.07124	-7.902
-1.9533	-32.66448	-8.027
-2.45208	-33.4611	-8.155
-2.94984	-34.25874	-8.286
-3.94536	-33.4611	-8.414
-5.43966	-31.47006	-8.535
-7.18284	-28.68138	-8.645
-9.1749	-26.29152	-8.745
-10.6692	-25.4949	-8.843
-12.1635	-26.68932	-8.945
-13.40892	-27.08814	-9.049
-14.90322	-26.68932	-9.151
-17.14416	-25.8927	-9.25
-19.3851	-23.10402	-9.339
-21.12828	-20.71416	-9.418
-23.36922	-17.92548	-9.487
-25.1124	-17.12886	-9.552
-27.35436	-16.33224	-9.615
-30.09306	-15.93444	-9.676
-33.33054	-15.53562	-9.735
-36.56802	-14.739	-9.792
-40.55214	-15.53562	-9.851
-43.78962	-18.3243	-9.922
-46.52832	-22.3074	-10.007
-48.5214	-25.4949	-10.105
-49.51692	-27.88476	-10.211
-50.01468	-28.68138	-10.321
-49.51692	-28.68138	-10.431
-49.01916	-29.0802	-10.542
-47.77374	-29.87682	-10.657
-46.52832	-32.26668	-10.78
-44.78514	-34.65654	-10.913
-42.79308	-39.03846	-11.063
-41.29878	-42.62376	-11.226
-39.8055	-47.40348	-11.407
-37.81242	-52.18422	-11.607
-36.56802	-57.76158	-11.829
-35.3226	-63.33792	-12.071
-35.57148	-70.1097	-12.34
-36.31914	-76.8825	-12.634
-37.56354	-83.65428	-12.954
-39.5556	-90.82386	-13.302
-42.29532	-98.39328	-13.679
-45.78168	-105.96168	-14.085
-49.01916	-113.53008	-14.52
-53.50104	-121.0995	-14.983
-57.23628	-128.6679	-15.476
-61.71918	-134.24526	-15.99
-66.20208	-139.02498	-16.523
-70.93284	-142.21146	-17.067
-74.66808	-146.19558	-17.627
-77.90556	-149.38206	-18.199
-80.1465	-153.36618	-18.787
-82.13958	-156.55266	-19.386
-83.1351	-159.34134	-19.996
-84.13164	-161.7312	-20.616
-84.13164	-163.32444	-21.241
-83.63286	-164.91768	-21.873
-82.63734	-167.30754	-22.514
-81.6408	-169.2996	-23.162
-80.1465	-169.69842	-23.812
-78.9021	-171.29166	-24.468
-78.15444	-172.8849	-25.13
-78.40332	-173.28372	-25.793
-78.40332	-173.68152	-26.459
-79.15098	-174.87696	-27.128
-79.89762	-176.4702	-27.804
-80.64528	-177.66564	-28.485
-82.13958	-178.46226	-29.168
-83.38398	-178.06344	-29.85
-84.6294	-178.46226	-30.533
-85.62492	-178.46226	-31.217
-86.62146	-179.25888	-31.903
-87.618	-180.0555	-32.593
-88.11576	-180.85212	-33.285
-87.86688	-181.24992	-33.98
-88.11576	-181.24992	-34.674
-87.86688	-181.24992	-35.368
-87.11922	-180.85212	-36.06
-86.62146	-180.85212	-36.753
-85.87482	-181.64874	-37.449
-84.87828	-182.04756	-38.146
-84.13164	-182.44536	-38.845
-83.38398	-182.44536	-39.543
-83.1351	-182.44536	-40.242
-83.1351	-182.04756	-40.939
-83.1351	-182.04756	-41.636
-83.38398	-182.04756	-42.333
-83.1351	-183.24198	-43.035
-82.88622	-183.24198	-43.737
-82.88622	-182.84418	-44.437
-83.1351	-182.84418	-45.137
-82.88622	-182.84418	-45.838
-82.88622	-182.84418	-46.538
-82.88622	-182.84418	-47.238
-82.38846	-183.24198	-47.94
-81.39192	-183.6408	-48.643
-81.14304	-182.84418	-49.343
-80.89416	-182.84418	-50.044
-79.89762	-183.24198	-50.745
-79.64874	-184.43742	-51.452
-79.39986	-182.04756	-52.149
-78.65322	-183.6408	-52.852
-78.15444	-183.24198	-53.554
-77.65668	-183.24198	-54.256
-77.15892	-183.24198	-54.957
-76.41126	-183.24198	-55.659
-76.16238	-183.6408	-56.362
-75.41574	-183.24198	-57.064
-75.41574	-183.24198	-57.766
-74.91696	-182.84418	-58.466
-74.4192	-183.6408	-59.169
-73.42368	-183.6408	-59.873
-72.9249	-183.6408	-60.576
-72.67602	-184.0386	-61.281
-71.6805	-182.44536	-61.98
-71.4306	-183.24198	-62.681
-70.93284	-183.24198	-63.383
-70.43508	-183.24198	-64.085
-69.68742	-183.24198	-64.787
-68.6919	-183.6408	-65.49
-67.94526	-183.6408	-66.193
-67.1976	-184.0386	-66.898
-66.20208	-183.24198	-67.6
-65.45442	-182.84418	-68.3
-64.4589	-183.24198	-69.002
-64.209	-183.24198	-69.703
-63.46236	-183.6408	-70.407
-62.71572	-183.6408	-71.11
-61.22142	-183.6408	-71.813
-60.47376	-183.6408	-72.517
-59.976	-183.6408	-73.22
-59.22936	-182.84418	-73.92
-58.4817	-182.84418	-74.62
-57.73506	-183.24198	-75.322
-57.23628	-183.24198	-76.024
-56.24076	-184.0386	-76.729
-55.4931	-184.0386	-77.433
-54.99534	-183.6408	-78.137
-55.24422	-183.6408	-78.84
-55.24422	-182.84418	-79.54
-55.99188	-182.84418	-80.24
-56.24076	-183.24198	-80.942
-56.48964	-182.84418	-81.642
-57.48618	-182.84418	-82.343
-57.98394	-181.64874	-83.038
-58.23282	-178.46226	-83.722
-58.4817	-175.27476	-84.393
-58.73058	-172.4871	-85.054
-59.22936	-169.69842	-85.703
-59.22936	-166.90974	-86.343
-58.4817	-164.51988	-86.973
-58.73058	-161.33238	-87.591
-58.23282	-156.95046	-88.192
-57.98394	-152.56854	-88.776
-57.98394	-148.58544	-89.345
-58.23282	-144.20352	-89.897
-58.4817	-139.8216	-90.433
-58.23282	-136.63512	-90.956
-58.23282	-129.46452	-91.452
-58.23282	-125.87922	-91.934
-58.4817	-121.0995	-92.398
-58.23282	-116.71758	-92.845
-58.23282	-111.14022	-93.27
-57.48618	-105.96168	-93.676
-57.23628	-100.38432	-94.06
-57.23628	-96.80004	-94.431
-56.73852	-89.23062	-94.773
-55.99188	-85.24752	-95.099
-55.4931	-80.06898	-95.406
-54.49758	-74.09382	-95.69
-53.74992	-69.31308	-95.955
-52.7544	-63.33792	-96.198
-51.75786	-57.76158	-96.419
-50.51346	-52.98084	-96.622
-49.01916	-48.59892	-96.808
-47.52486	-45.41244	-96.982
-45.78168	-41.03052	-97.139
-44.0385	-36.6486	-97.279
-41.79756	-32.26668	-97.403
-40.05438	-28.28256	-97.511
-38.56008	-25.8927	-97.61
-37.81242	-23.90064	-97.702
-36.56802	-21.9096	-97.786
-36.06924	-19.91754	-97.862
-35.3226	-17.52768	-97.929
-35.07372	-15.53562	-97.989
-34.57596	-14.34018	-98.044
-34.07718	-12.74694	-98.092
-33.8283	-11.95032	-98.138
-33.08166	-10.35708	-98.178
-33.08166	-9.56046	-98.214
-32.334	-8.76384	-98.248
-31.33848	-7.5684	-98.277
-30.34194	-6.77178	-98.303
-29.84418	-5.97516	-98.326
-28.101	-5.97516	-98.349
-26.85558	-5.57736	-98.37
-25.86006	-4.77972	-98.388
-24.61464	-3.5853	-98.402
-22.87146	-3.5853	-98.416
-20.8794	-3.18648	-98.428
-18.38958	-2.78868	-98.439
-16.3965	-3.18648	-98.451
-14.15556	-2.38986	-98.46
-11.41686	0	-98.46
-8.17938	1.59324	-98.454
-5.43966	1.59324	-98.448
-2.70096	0.39882	-98.446
0.7854	-0.39882	-98.448
4.02288	-0.39882	-98.449
7.50924	-0.39882	-98.451
10.9956	0.39882	-98.449
14.48196	0.39882	-98.448
18.71496	0	-98.448
21.95244	0	-98.448
25.93758	0	-98.448
29.9217	0	-98.448
33.90582	0.39882	-98.446
37.39218	0	-98.446
41.12742	0	-98.446
45.36042	0.39882	-98.445
49.34556	0	-98.445
52.83192	0.39882	-98.443
56.31828	0	-98.443
60.3024	0	-98.443
63.53988	0	-98.443
66.0297	0.39882	-98.442
68.27064	0	-98.442
70.5126	0.39882	-98.44
72.50466	0	-98.44
74.49672	0.39882	-98.439
75.99102	1.19544	-98.434
77.7342	3.9831	-98.419
78.23196	8.76384	-98.385
78.48084	13.54356	-98.333
78.72972	18.7221	-98.262
78.72972	22.70622	-98.175
78.23196	27.08814	-98.071
77.48532	33.0633	-97.944
76.98654	39.43728	-97.793
76.48878	46.60686	-97.615
75.24336	54.17628	-97.407
74.7456	60.94806	-97.174
74.24784	67.71984	-96.915
73.99896	75.28824	-96.626
74.49672	82.85766	-96.309
74.99448	91.22268	-95.96
76.98654	99.5877	-95.578
78.48084	107.55492	-95.166
79.97514	115.52214	-94.724
81.71832	123.09054	-94.253
83.95926	129.0657	-93.758
86.20122	134.64306	-93.243
88.69104	138.62616	-92.712
91.18086	142.61028	-92.166
94.16946	146.59338	-91.604
97.15806	150.5775	-91.028
99.399	154.1628	-90.437
101.14218	158.54472	-89.83
103.13424	158.54472	-89.223
104.37966	161.7312	-88.604
105.37518	163.32444	-87.978
106.12284	165.7143	-87.343
107.11836	167.30754	-86.703
108.36378	169.2996	-86.054
108.86154	170.49504	-85.401
109.85808	171.68946	-84.744
110.60472	172.8849	-84.082
110.35584	173.28372	-83.418
111.35238	174.87696	-82.748
111.60126	175.67358	-82.076
111.60126	176.4702	-81.4
112.3479	177.26682	-80.721
113.59332	177.66564	-80.041
114.58986	178.06344	-79.359
115.58538	178.46226	-78.675
116.08314	178.86006	-77.99
116.33304	180.4533	-77.299
117.07968	180.4533	-76.608
116.8308	180.4533	-75.917
117.32856	180.4533	-75.226
118.07622	180.4533	-74.535
118.82286	181.24992	-73.841
119.5695	181.24992	-73.147
120.31716	181.64874	-72.451
120.06828	182.04756	-71.754
120.31716	182.04756	-71.057
120.31716	182.44536	-70.358
119.8194	182.04756	-69.661
119.5695	182.04756	-68.964
119.8194	182.44536	-68.265
120.06828	182.84418	-67.565
120.06828	182.44536	-66.866
119.8194	184.0386	-66.161
119.32062	180.85212	-65.468
119.07174	183.24198	-64.767
118.82286	183.24198	-64.065
118.3251	182.84418	-63.365
118.3251	182.84418	-62.665
119.07174	182.84418	-61.964
119.5695	183.24198	-61.263
119.8194	182.84418	-60.562
120.06828	183.24198	-59.861
119.07174	183.6408	-59.157
119.32062	183.24198	-58.456
119.32062	183.24198	-57.754
119.07174	183.24198	-57.052
119.5695	183.24198	-56.35
119.8194	182.84418	-55.65
119.5695	183.24198	-54.948
119.5695	182.84418	-54.248
118.3251	184.0386	-53.543
117.57744	184.0386	-52.838
117.57744	183.6408	-52.135
116.8308	182.84418	-51.435
116.58192	183.24198	-50.733
116.58192	183.24198	-50.031
116.08314	182.84418	-49.331
115.3365	184.0386	-48.626
114.58986	183.24198	-47.925
113.09556	183.6408	-47.221
112.3479	183.24198	-46.52
111.60126	183.24198	-45.818
109.85808	183.24198	-45.116
108.86154	183.6408	-44.413
108.1149	183.24198	-43.711
106.6206	183.24198	-43.009
104.87742	183.6408	-42.306
102.88536	183.24198	-41.604
100.39554	183.6408	-40.901
98.90124	183.6408	-40.198
97.40694	182.84418	-39.497
95.91264	183.24198	-38.796
94.41834	183.24198	-38.094
92.92404	183.6408	-37.391
91.18086	183.6408	-36.687
89.1888	183.24198	-35.986
87.44562	183.6408	-35.282
85.95132	183.24198	-34.581
84.45804	183.24198	-33.879
82.46496	182.84418	-33.179
81.22056	183.6408	-32.475
79.47738	183.6408	-31.772
77.23542	183.6408	-31.069
75.24336	183.24198	-30.367
72.75354	183.24198	-29.665
70.5126	183.6408	-28.962
68.76942	183.24198	-28.26
67.02624	182.84418	-27.56
65.28306	183.6408	-26.857
63.78876	183.6408	-26.153
63.0411	183.24198	-25.452
62.04558	183.6408	-24.748
61.54782	183.24198	-24.047
60.55128	182.84418	-23.346
58.8081	182.44536	-22.648
58.31034	180.85212	-21.955
57.56268	178.86006	-21.27
56.56716	174.87696	-20.6
55.07286	172.4871	-19.94
53.32968	169.2996	-19.292
51.83538	166.90974	-18.652
49.09668	164.12106	-18.024
46.85472	160.13796	-17.411
44.86266	155.75604	-16.814
42.62172	150.5775	-16.237
40.1319	146.59338	-15.676
37.1433	142.61028	-15.13
35.15124	138.22836	-14.6
32.41152	133.84644	-14.088
30.17058	128.6679	-13.595
27.43086	123.88716	-13.121
24.69216	118.70862	-12.666
22.45122	113.9289	-12.23
19.7115	108.75036	-11.813
16.47402	103.57182	-11.417
13.73532	98.39328	-11.04
11.24448	93.61254	-10.681
8.50578	88.434	-10.343
6.01494	84.05208	-10.021
3.52512	78.07692	-9.722
1.53306	72.89838	-9.443
-0.21012	67.32204	-9.185
-1.20666	62.5413	-8.945
-3.19872	56.96394	-8.727
-4.44414	52.18422	-8.527
-6.4362	48.20112	-8.343
-8.42826	44.61582	-8.172
-10.91808	40.6317	-8.016
-12.91014	35.85198	-7.879
-15.1521	31.86786	-7.757
-17.64192	27.88476	-7.65
-20.13174	25.4949	-7.552
-22.62258	23.10402	-7.464
-25.36128	21.11298	-7.383
-28.34988	19.91754	-7.307
-30.59082	18.3243	-7.237
-33.57942	15.53562	-7.177
-36.06924	13.14576	-7.127
-38.3112	11.55252	-7.083
-41.54868	11.1537	-7.04
-44.78514	10.7559	-6.999
-48.02262	9.95928	-6.96
-50.76234	9.16164	-6.925
-54.49758	7.1706	-6.898
-57.73506	5.97516	-6.875
-61.22142	5.97516	-6.852
-64.4589	5.57736	-6.831
-67.1976	5.17854	-6.811
-70.1862	4.77972	-6.793
-72.42714	3.9831	-6.777
-74.4192	3.5853	-6.764
-76.41126	2.78868	-6.753
-77.90556	2.78868	-6.742
-79.15098	2.38986	-6.733
-80.1465	1.99206	-6.726
-81.39192	-0.39882	-6.727
-82.38846	-1.19544	-6.732
-82.88622	-0.79662	-6.735
-83.88276	0	-6.735
-85.12716	0.39882	-6.733
-86.62146	0	-6.733
-87.86688	0	-6.733
-89.61006	0	-6.733
-91.60212	0	-6.733
-93.3453	0	-6.733
-95.33736	0	-6.733
-96.3339	0	-6.733
-97.32942	0	-6.733
-97.32942	0	-6.733
-96.83166	0	-6.733
-96.3339	0	-6.733
-94.8396	-0.79662	-6.736
-93.3453	-1.99206	-6.744
-91.10436	-5.57736	-6.765
-88.36464	-10.7559	-6.806
-85.87482	-15.93444	-6.867
-83.38398	-20.31636	-6.945
-81.14304	-25.09608	-7.041
-79.64874	-30.27462	-7.157
-78.65322	-36.24978	-7.296
-77.65668	-42.22494	-7.458
-76.41126	-49.79436	-7.649
-75.9135	-57.36276	-7.868
-76.16238	-64.53336	-8.115
-76.91004	-72.50058	-8.393
-77.65668	-78.07692	-8.692
-78.9021	-86.84076	-9.025
-80.89416	-95.20578	-9.389
-83.1351	-103.57182	-9.786
-84.6294	-112.33566	-10.216
-85.87482	-119.90406	-10.675
-88.11576	-126.67584	-11.16
-90.10782	-131.85438	-11.665
-91.60212	-136.63512	-12.189
-92.84754	-140.61822	-12.727
-94.09194	-144.20352	-13.279
-94.59072	-148.58544	-13.848
-94.8396	-152.96736	-14.434
-95.33736	-155.35722	-15.029
-95.08848	-158.54472	-15.636
-94.59072	-160.53576	-16.251
-94.8396	-162.92664	-16.875
-93.84306	-164.51988	-17.505
-93.59418	-166.51092	-18.143
-92.84754	-168.10518	-18.787
-91.851	-169.2996	-19.435
-91.35324	-170.89284	-20.089
-90.85446	-172.08828	-20.748
-90.3567	-173.28372	-21.412
-90.3567	-174.87696	-22.082
-89.85894	-175.27476	-22.753
-90.10782	-176.07138	-23.427
-89.61006	-176.4702	-24.103
-89.36118	-177.26682	-24.782
-89.11128	-177.66564	-25.462
-89.36118	-178.46226	-26.146
-89.36118	-178.86006	-26.831
-88.8624	-180.0555	-27.52
-88.36464	-179.25888	-28.207
-88.36464	-180.85212	-28.899
-87.3681	-180.85212	-29.592
-87.11922	-180.85212	-30.285
-86.37258	-180.4533	-30.976
-85.37604	-180.85212	-31.668
-84.6294	-180.85212	-32.361
-84.13164	-181.64874	-33.057
-83.88276	-182.04756	-33.754
-83.1351	-182.84418	-34.454
-83.38398	-183.24198	-35.156
-82.63734	-181.64874	-35.851
-82.63734	-181.64874	-36.547
-82.38846	-182.04756	-37.244
-82.63734	-182.44536	-37.943
-82.13958	-182.44536	-38.642
-82.38846	-183.24198	-39.343
-82.38846	-182.84418	-40.044
-82.38846	-183.6408	-40.747
-81.6408	-183.24198	-41.449
-81.39192	-182.84418	-42.149
-81.14304	-182.44536	-42.848
-80.89416	-182.44536	-43.546
-80.64528	-183.24198	-44.248
-79.89762	-182.84418	-44.948
-79.64874	-183.6408	-45.652
-79.15098	-183.6408	-46.355
-78.40332	-183.6408	-47.058
-77.65668	-183.24198	-47.76
-76.66014	-182.84418	-48.46
-75.9135	-182.84418	-49.16
-75.66462	-182.84418	-49.861
-74.66808	-184.43742	-50.567
-74.17032	-182.04756	-51.264
-73.42368	-183.6408	-51.967
-72.9249	-184.0386	-52.672
-71.6805	-184.0386	-53.377
-71.18172	-183.24198	-54.079
-71.18172	-182.44536	-54.777
-70.43508	-182.84418	-55.478
-69.43854	-182.84418	-56.178
-68.6919	-184.0386	-56.883
-67.94526	-184.0386	-57.587
-67.44648	-183.6408	-58.291
-67.1976	-183.24198	-58.993
-66.20208	-182.84418	-59.693
-65.45442	-182.84418	-60.393
-64.4589	-183.6408	-61.096
-63.21348	-184.0386	-61.801
-62.46582	-183.6408	-62.504
-61.96806	-183.6408	-63.208
-61.4703	-182.84418	-63.908
-60.47376	-182.84418	-64.608
-59.72712	-183.24198	-65.31
-58.4817	-184.0386	-66.015
-57.98394	-183.6408	-66.718
-56.73852	-184.0386	-67.423
-55.99188	-182.84418	-68.123
-55.99188	-182.84418	-68.823
-55.24422	-183.24198	-69.525
-54.49758	-183.24198	-70.227
-53.50104	-183.6408	-70.93
-51.75786	-184.0386	-71.635
-51.01122	-184.0386	-72.34
-50.26458	-183.24198	-73.041
-49.26804	-182.84418	-73.742
-48.5214	-182.84418	-74.442
-47.77374	-183.24198	-75.144
-47.0271	-183.6408	-75.847
-47.0271	-183.6408	-76.55
-46.27944	-184.0386	-77.255
-45.5328	-183.24198	-77.957
-45.5328	-183.24198	-78.658
-45.5328	-183.24198	-79.36
-46.27944	-183.24198	-80.062
-47.27598	-183.6408	-80.765
-47.27598	-183.24198	-81.467
-47.77374	-182.84418	-82.167
-48.77028	-181.64874	-82.863
-49.51692	-180.0555	-83.552
-50.01468	-178.86006	-84.237
-50.51346	-172.08828	-84.896
-50.51346	-171.29166	-85.552
-50.76234	-168.50298	-86.198
-50.76234	-165.3165	-86.831
-50.76234	-162.129	-87.452
-50.76234	-157.34928	-88.054
-50.76234	-153.36618	-88.642
-50.51346	-149.38206	-89.214
-49.7658	-145.39896	-89.771
-50.01468	-140.22042	-90.308
-49.7658	-135.8385	-90.828
-50.01468	-131.05776	-91.33
-49.26804	-126.27804	-91.813
-49.26804	-120.70068	-92.276
-49.01916	-116.71758	-92.723
-49.01916	-111.93684	-93.151
-49.01916	-106.7583	-93.56
-49.01916	-100.78314	-93.946
-48.5214	-96.00342	-94.314
-48.77028	-90.82386	-94.661
-49.01916	-86.44296	-94.993
-48.02262	-81.2634	-95.304
-47.27598	-76.08486	-95.595
-46.52832	-70.50852	-95.865
-45.78168	-64.93116	-96.114
-44.78514	-59.35482	-96.341
-43.78962	-54.57408	-96.55
-42.5442	-49.79436	-96.741
-40.80102	-46.60686	-96.919
-38.80896	-42.62376	-97.083
-36.8169	-38.64066	-97.231
-34.82484	-33.4611	-97.359
-33.33054	-29.478	-97.472
-31.83624	-26.68932	-97.574
-30.84072	-24.29946	-97.667
-30.34194	-22.3074	-97.752
-29.84418	-21.11298	-97.833
-29.34642	-18.7221	-97.905
-29.09754	-16.33224	-97.967
-29.09754	-14.34018	-98.022
-28.84764	-13.14576	-98.073
-28.84764	-12.34914	-98.12
-28.59876	-10.7559	-98.161
-27.85212	-9.95928	-98.199
-27.10446	-9.16164	-98.234
-26.6067	-7.96722	-98.265
-25.36128	-7.1706	-98.292
-23.868	-6.37398	-98.317
-22.3737	-5.97516	-98.34
-21.37716	-5.57736	-98.361
-19.88286	-4.38192	-98.378
-18.88734	-3.9831	-98.393
-17.39304	-3.9831	-98.408
-15.64986	-3.5853	-98.422
-13.40892	-3.5853	-98.436
-11.66574	-2.78868	-98.446
-9.92256	-2.38986	-98.456
-7.43172	-0.79662	-98.459
-5.19078	1.19544	-98.454
-2.94984	1.19544	-98.449
-0.459	0.79662	-98.446
1.53306	0	-98.446
3.52512	-0.39882	-98.448
6.01494	-0.39882	-98.449
8.75466	0.39882	-98.448
11.74224	0	-98.448
14.73084	0	-98.448
18.2172	0	-98.448
21.95244	0	-98.448
25.68768	0	-98.448
29.17404	0.39882	-98.446
32.41152	0	-98.446
35.649	0	-98.446
39.13536	0	-98.446
42.37284	0.39882	-98.445
46.10808	0.79662	-98.442
49.59444	2.38986	-98.433
52.58304	5.57736	-98.411
55.8195	7.1706	-98.384
58.31034	9.16164	-98.349
60.55128	9.16164	-98.314
62.79222	9.16164	-98.279
64.78428	9.16164	-98.243
66.52746	9.95928	-98.205
68.27064	12.74694	-98.157
69.26718	16.33224	-98.094
70.26372	20.31636	-98.016
71.01036	25.09608	-97.92
71.25924	29.87682	-97.806
71.25924	34.25874	-97.674
70.76148	39.83508	-97.522
70.76148	46.20906	-97.345
70.5126	52.58202	-97.144
70.01382	59.75262	-96.915
70.01382	66.5244	-96.66
69.76494	73.695	-96.378
70.26372	80.8656	-96.068
71.01036	89.23062	-95.726
71.757	96.80004	-95.356
73.00242	104.36844	-94.956
74.24784	112.73346	-94.524
75.74214	120.70068	-94.062
76.98654	127.87128	-93.572
78.9786	132.651	-93.064
80.97168	137.82954	-92.536
83.4615	140.61822	-91.998
85.70244	145.39896	-91.441
88.69104	149.38206	-90.869
90.93198	153.36618	-90.282
93.17292	156.15384	-89.684
95.66376	158.94252	-89.075
97.40694	160.13796	-88.462
98.90124	162.92664	-87.838
100.14564	165.3165	-87.205
101.88882	167.30754	-86.564
103.13424	168.9018	-85.917
104.13078	169.69842	-85.267
105.37518	170.89284	-84.613
105.62508	172.08828	-83.954
105.62508	173.68152	-83.288
105.62508	174.87696	-82.619
105.37518	175.67358	-81.946
105.37518	176.4702	-81.27
105.87396	176.4702	-80.594
107.11836	176.868	-79.917
108.36378	177.66564	-79.237
109.11042	178.46226	-78.553
109.6092	179.65668	-77.865
110.10696	180.0555	-77.176
110.8536	180.4533	-76.485
111.1035	179.65668	-75.796
112.09902	180.0555	-75.107
113.34444	180.85212	-74.414
114.58986	181.24992	-73.72
116.33304	181.64874	-73.025
117.82632	181.64874	-72.329
118.07622	182.04756	-71.632
118.82286	182.04756	-70.935
119.5695	181.64874	-70.239
119.32062	181.64874	-69.543
119.32062	182.84418	-68.843
119.5695	182.84418	-68.143
119.8194	182.44536	-67.444
120.06828	182.84418	-66.744
120.31716	182.44536	-66.045
120.06828	182.44536	-65.346
120.06828	182.84418	-64.646
119.8194	182.84418	-63.946
119.07174	183.24198	-63.244
119.5695	182.84418	-62.544
120.06828	182.84418	-61.844
120.06828	183.24198	-61.142
120.81492	182.84418	-60.442
120.56604	183.24198	-59.74
120.06828	183.24198	-59.038
120.56604	183.6408	-58.335
120.31716	182.84418	-57.635
120.06828	183.24198	-56.933
120.31716	183.24198	-56.231
119.8194	183.24198	-55.53
119.32062	183.24198	-54.828
119.07174	183.6408	-54.124
117.57744	183.6408	-53.421
116.58192	183.24198	-52.719
115.3365	183.24198	-52.018
114.33996	183.24198	-51.316
114.09108	183.6408	-50.613
113.59332	182.84418	-49.912
113.34444	183.24198	-49.211
112.59678	183.24198	-48.509
112.09902	183.24198	-47.807
110.8536	183.6408	-47.104
110.60472	184.0386	-46.399
109.6092	183.24198	-45.697
108.61266	183.24198	-44.996
108.1149	182.84418	-44.295
107.86602	184.43742	-43.589
106.86948	182.44536	-42.89
106.37172	183.24198	-42.189
105.1263	183.6408	-41.485
103.8819	184.0386	-40.78
102.63648	183.6408	-40.077
101.39106	183.24198	-39.375
100.39554	182.84418	-38.675
99.399	183.24198	-37.973
98.40246	182.84418	-37.273
96.90918	183.6408	-36.57
95.41488	184.0386	-35.865
93.17292	184.0386	-35.16
91.42974	183.6408	-34.457
90.6831	182.84418	-33.757
88.69104	182.44536	-33.058
87.6945	183.24198	-32.356
85.95132	183.24198	-31.655
84.70692	184.0386	-30.95
82.46496	183.6408	-30.247
80.4729	183.6408	-29.543
78.48084	183.6408	-28.84
77.23542	182.84418	-28.14
75.49224	182.84418	-27.44
74.49672	182.84418	-26.739
73.2513	184.0386	-26.034
72.25578	184.0386	-25.33
71.757	183.6408	-24.626
71.50812	183.24198	-23.925
71.25924	182.04756	-23.227
71.01036	181.64874	-22.532
71.50812	180.4533	-21.841
71.50812	178.86006	-21.156
71.25924	175.67358	-20.483
71.757	172.4871	-19.822
72.0069	169.69842	-19.173
72.0069	166.51092	-18.535
71.25924	163.32444	-17.909
70.76148	159.34134	-17.299
70.76148	155.75604	-16.703
70.01382	151.37412	-16.123
69.26718	146.9922	-15.56
68.27064	142.61028	-15.014
67.27512	138.22836	-14.485
66.77736	133.84644	-13.972
66.52746	128.6679	-13.479
66.0297	123.88716	-13.005
65.53194	118.70862	-12.55
64.28652	113.9289	-12.114
63.53988	108.75036	-11.697
62.54334	103.96962	-11.299
62.04558	98.39328	-10.922
60.55128	93.21474	-10.565
59.05698	87.63738	-10.23
57.3138	82.85766	-9.912
54.5751	76.8825	-9.618
52.08426	71.70294	-9.343
49.84332	66.1266	-9.09
46.85472	60.94806	-8.857
43.61826	55.3707	-8.645
39.63312	50.59098	-8.451
36.39564	47.00568	-8.271
32.6604	43.42038	-8.105
28.67628	38.24184	-7.958
25.18992	34.25874	-7.827
21.2058	29.87682	-7.713
16.22514	27.08814	-7.609
11.74224	25.09608	-7.513
6.7626	22.70622	-7.426
2.03082	20.71416	-7.346
-2.45208	18.7221	-7.275
-6.93396	16.33224	-7.212
-11.41686	15.13782	-7.154
-14.90322	12.74694	-7.105
-18.38958	11.55252	-7.061
-21.62604	10.7559	-7.02
-24.86352	9.95928	-6.982
-28.101	9.56046	-6.945
-30.09306	8.76384	-6.912
-32.5839	7.5684	-6.883
-34.82484	5.57736	-6.861
-36.8169	5.57736	-6.84
-39.5556	4.77972	-6.822
-41.79756	5.57736	-6.8
-43.54074	4.77972	-6.782
-45.5328	3.9831	-6.767
-47.77374	3.5853	-6.753
-50.01468	2.78868	-6.742
-52.50552	2.78868	-6.732
-54.99534	1.99206	-6.724
-57.23628	1.19544	-6.719
-59.22936	-0.79662	-6.723
-61.96806	-1.59324	-6.729
-63.96012	-0.79662	-6.732
-65.95218	0.39882	-6.73
-68.44302	0.39882	-6.729
-70.1862	0	-6.729
-71.92938	-0.39882	-6.73
-73.92144	0	-6.73
-75.66462	0	-6.73
-76.91004	0	-6.73
-78.65322	0	-6.73
-79.89762	0	-6.73
-80.89416	0	-6.73
-81.39192	0	-6.73
-81.39192	0	-6.73
-80.64528	0	-6.73
-80.1465	0	-6.73
-79.64874	-0.39882	-6.732
-78.40332	-1.19544	-6.736
-76.66014	-3.5853	-6.75
-75.16686	-7.96722	-6.78
-72.9249	-13.54356	-6.832
-71.6805	-17.92548	-6.901
-70.1862	-23.10402	-6.989
-68.44302	-27.48594	-7.095
-67.44648	-33.0633	-7.221
-66.69984	-39.03846	-7.371
-65.45442	-46.20906	-7.548
-64.95666	-53.37966	-7.752
-64.70778	-61.34586	-7.987
-64.209	-68.11866	-8.248
-64.4589	-75.28824	-8.536
-64.95666	-82.85766	-8.854
-66.20208	-90.82386	-9.202
-68.19414	-99.5877	-9.583
-70.1862	-107.55492	-9.995
-71.6805	-115.92096	-10.439
-73.42368	-123.48936	-10.912
-75.9135	-129.46452	-11.407
-78.15444	-134.64306	-11.923
-80.3964	-138.22836	-12.452
-82.13958	-142.61028	-12.999
-83.63286	-146.59338	-13.56
-84.87828	-150.5775	-14.137
-86.1237	-154.5606	-14.729
-86.1237	-156.95046	-15.33
-86.62146	-159.73914	-15.941
-86.37258	-161.33238	-16.559
-86.87034	-163.72326	-17.186
-86.1237	-165.7143	-17.821
-85.12716	-167.30754	-18.462
-84.38052	-168.9018	-19.108
-83.63286	-170.49504	-19.761
-83.38398	-171.29166	-20.417
-82.88622	-172.4871	-21.078
-82.38846	-174.08034	-21.745
-82.38846	-174.87696	-22.414
-82.38846	-176.07138	-23.089
-82.63734	-176.4702	-23.764
-82.88622	-176.868	-24.442
-83.1351	-177.26682	-25.121
-83.63286	-178.06344	-25.803
-83.63286	-178.46226	-26.486
-83.63286	-179.25888	-27.173
-84.13164	-180.0555	-27.862
-83.88276	-180.85212	-28.555
-84.13164	-180.4533	-29.246
-83.63286	-180.4533	-29.937
-83.1351	-180.4533	-30.628
-82.63734	-180.4533	-31.319
-81.88968	-181.24992	-32.013
-80.89416	-181.64874	-32.709
-80.3964	-182.44536	-33.407
-79.64874	-182.04756	-34.105
-79.15098	-182.44536	-34.803
-78.40332	-182.04756	-35.501
-77.65668	-182.04756	-36.198
-77.15892	-181.64874	-36.893
-76.66014	-184.0386	-37.598
-76.16238	-180.85212	-38.291
-76.16238	-182.84418	-38.991
-75.9135	-183.24198	-39.693
-76.16238	-183.24198	-40.395
-75.9135	-183.6408	-41.098
-75.66462	-182.44536	-41.796
-75.66462	-182.44536	-42.495
-75.16686	-182.84418	-43.195
-74.66808	-183.24198	-43.897
-74.66808	-183.24198	-44.599
-74.17032	-183.24198	-45.301
-74.17032	-183.24198	-46.002
-74.17032	-183.24198	-46.704
-73.42368	-183.24198	-47.406
-73.17378	-182.84418	-48.106
-72.42714	-183.24198	-48.808
-72.42714	-183.6408	-49.511
-71.92938	-183.24198	-50.213
-71.18172	-183.24198	-50.915
-70.93284	-183.24198	-51.616
-71.18172	-183.24198	-52.318
-70.43508	-183.24198	-53.02
-69.68742	-184.0386	-53.725
-69.43854	-183.6408	-54.428
-68.19414	-183.24198	-55.13
-67.69536	-183.24198	-55.832
-66.69984	-182.84418	-56.532
-66.20208	-183.24198	-57.234
-65.45442	-183.24198	-57.935
-64.4589	-183.6408	-58.639
-63.71124	-183.6408	-59.342
-62.9646	-184.0386	-60.047
-61.96806	-183.24198	-60.748
-61.71918	-182.84418	-61.449
-61.4703	-182.44536	-62.147
-61.4703	-183.6408	-62.851
-61.4703	-183.6408	-63.554
-61.22142	-184.0386	-64.259
-61.22142	-183.6408	-64.962
-60.72264	-183.6408	-65.665
-60.72264	-183.24198	-66.367
-59.976	-183.24198	-67.069
-59.47824	-183.24198	-67.771
-58.4817	-183.24198	-68.472
-57.98394	-183.24198	-69.174
-56.73852	-184.0386	-69.879
-56.24076	-183.24198	-70.581
-54.49758	-183.6408	-71.284
-53.00328	-183.6408	-71.987
-52.50552	-183.24198	-72.689
-51.50898	-183.24198	-73.391
-50.76234	-182.84418	-74.091
-49.51692	-183.24198	-74.793
-49.26804	-183.24198	-75.494
-48.77028	-184.0386	-76.199
-48.5214	-185.63184	-76.91
-48.02262	-181.24992	-77.604
-48.2715	-183.6408	-78.308
-48.5214	-184.43742	-79.014
-49.26804	-182.44536	-79.713
-49.7658	-183.24198	-80.414
-50.76234	-183.24198	-81.116
-51.50898	-183.24198	-81.818
-52.00674	-182.44536	-82.517
-52.7544	-180.85212	-83.209
-53.00328	-178.86006	-83.894
-53.50104	-175.67358	-84.567
-53.99982	-172.8849	-85.229
-54.2487	-169.2996	-85.877
-53.99982	-166.51092	-86.515
-54.2487	-163.72326	-87.142
-53.74992	-159.73914	-87.754
-53.25216	-156.15384	-88.352
-53.00328	-151.37412	-88.932
-53.25216	-147.39	-89.496
-53.00328	-142.61028	-90.042
-52.50552	-137.82954	-90.57
-52.50552	-133.44762	-91.081
-51.75786	-129.86334	-91.578
-51.50898	-122.29392	-92.047
-51.01122	-119.50524	-92.504
-50.01468	-113.9289	-92.941
-49.51692	-109.14816	-93.359
-48.77028	-103.57182	-93.755
-48.77028	-98.39328	-94.132
-47.77374	-93.21474	-94.489
-46.77822	-88.83282	-94.829
-46.52832	-84.05208	-95.151
-45.03504	-78.87354	-95.453
-44.53626	-72.50058	-95.731
-43.54074	-67.71984	-95.99
-43.54074	-62.5413	-96.23
-43.29186	-56.96394	-96.448
-42.5442	-51.7854	-96.646
-41.79756	-48.20112	-96.831
-41.0499	-44.61582	-97.002
-40.30326	-41.03052	-97.159
-39.30672	-35.85198	-97.296
-38.56008	-31.47006	-97.417
-37.31466	-28.28256	-97.525
-36.56802	-25.09608	-97.621
-35.57148	-23.50284	-97.711
-34.82484	-21.9096	-97.795
-34.57596	-19.91754	-97.871
-33.8283	-17.52768	-97.938
-33.33054	-15.13782	-97.996
-33.08166	-13.94238	-98.05
-32.334	-12.34914	-98.097
-32.08512	-11.55252	-98.141
-32.334	-10.7559	-98.182
-31.83624	-9.16164	-98.218
-31.33848	-8.76384	-98.251
-31.0896	-7.1706	-98.279
-30.84072	-6.77178	-98.305
-30.84072	-6.37398	-98.329
-30.34194	-5.97516	-98.352
-30.34194	-4.77972	-98.37
-30.09306	-4.77972	-98.388
-30.59082	-3.9831	-98.404
-30.34194	-3.5853	-98.417
-29.34642	-3.5853	-98.431
-28.34988	-3.18648	-98.443
-27.60324	-2.78868	-98.454
-26.85558	-1.59324	-98.46
-25.86006	0	-98.46
-24.61464	1.59324	-98.454
-23.12034	1.19544	-98.449
-22.12482	0	-98.449
-20.63052	-0.39882	-98.451
-19.3851	-0.79662	-98.454
-17.64192	0.39882	-98.452
-16.6464	0.39882	-98.451
-15.1521	0	-98.451
-14.15556	0	-98.451
-12.41238	-0.39882	-98.452
-11.16696	0.39882	-98.451
-9.1749	0	-98.451
-7.6806	0	-98.451
-5.19078	0	-98.451
-3.19872	0	-98.451
0.03876	0	-98.451
2.77746	0	-98.451
6.51372	0	-98.451
10.49784	0.39882	-98.449
15.4785	0	-98.449
19.96038	0	-98.449
25.18992	0	-98.449
30.91722	0	-98.449
36.14676	0.39882	-98.448
41.3763	0	-98.448
46.10808	0.39882	-98.446
49.84332	0.39882	-98.445
53.82744	0.39882	-98.443
56.81604	0	-98.443
58.55922	0.39882	-98.442
60.05352	0	-98.442
60.80016	0	-98.442
61.04904	0.39882	-98.44
61.54782	0	-98.44
61.54782	0	-98.44
62.29446	1.19544	-98.436
62.54334	3.9831	-98.42
63.0411	8.76384	-98.387
63.53988	13.54356	-98.335
63.53988	17.92548	-98.266
64.03764	22.70622	-98.179
64.28652	27.48594	-98.074
65.28306	33.0633	-97.948
65.78082	39.83508	-97.795
66.0297	46.60686	-97.616
66.27858	54.17628	-97.409
66.77736	60.54924	-97.177
66.77736	68.11866	-96.916
68.02176	75.28824	-96.628
69.0183	83.25546	-96.309
70.26372	91.22268	-95.96
72.25578	99.1899	-95.58
73.75008	107.95374	-95.166
75.24336	115.52214	-94.724
76.73766	123.09054	-94.253
78.23196	129.46452	-93.757
79.97514	134.24526	-93.243
81.71832	138.62616	-92.712
83.95926	142.61028	-92.166
86.20122	146.19558	-91.606
87.9444	150.9753	-91.028
88.93992	154.1628	-90.437
90.18534	157.74708	-89.833
91.18086	158.94252	-89.224
92.42628	161.7312	-88.605
92.92404	163.32444	-87.98
93.42282	165.3165	-87.346
94.16946	167.70636	-86.704
95.166	169.2996	-86.056
95.41488	170.49504	-85.403
96.16152	171.68946	-84.745
96.65928	172.4871	-84.085
96.65928	173.68152	-83.42
97.40694	174.47814	-82.751
97.9047	175.67358	-82.079
98.40246	176.868	-81.401
99.399	177.66564	-80.721
101.14218	177.66564	-80.041
102.3876	177.66564	-79.36
104.13078	178.06344	-78.678
104.87742	179.25888	-77.992
106.12284	180.4533	-77.301
107.11836	180.85212	-76.608
107.86602	180.4533	-75.917
109.11042	180.4533	-75.226
110.35584	180.0555	-74.536
111.60126	180.85212	-73.844
112.59678	181.64874	-73.148
113.09556	182.04756	-72.451
113.09556	182.04756	-71.754
113.34444	182.44536	-71.055
113.59332	182.04756	-70.358
113.09556	181.64874	-69.662
113.09556	182.04756	-68.965
113.8422	182.84418	-68.265
114.58986	182.84418	-67.565
114.83874	182.44536	-66.866
115.08762	182.44536	-66.167
114.83874	182.84418	-65.467
115.08762	182.84418	-64.767
114.83874	183.24198	-64.065
114.83874	182.84418	-63.365
115.3365	182.84418	-62.665
116.08314	183.24198	-61.963
116.08314	182.84418	-61.263
116.08314	183.24198	-60.561
115.58538	182.84418	-59.861
114.58986	183.6408	-59.157
114.33996	183.24198	-58.456
113.34444	183.24198	-57.754
112.84668	183.24198	-57.052
112.59678	183.24198	-56.35
112.3479	183.24198	-55.649
111.60126	182.84418	-54.948
110.8536	183.24198	-54.247
110.10696	183.6408	-53.543
109.11042	183.6408	-52.84
108.61266	183.6408	-52.137
107.61714	182.84418	-51.436
107.61714	183.24198	-50.735
107.11836	183.24198	-50.033
107.11836	183.24198	-49.331
106.86948	183.6408	-48.628
105.87396	183.6408	-47.925
104.62854	183.24198	-47.223
104.13078	183.6408	-46.52
103.38312	183.24198	-45.818
102.63648	183.24198	-45.116
102.13872	185.23404	-44.407
101.39106	180.85212	-43.714
100.39554	183.6408	-43.011
99.89676	183.6408	-42.308
98.65236	184.0386	-41.603
97.15806	183.6408	-40.899
96.65928	183.24198	-40.198
95.91264	182.84418	-39.497
95.166	183.24198	-38.796
94.41834	183.6408	-38.092
93.42282	183.24198	-37.391
92.92404	183.6408	-36.687
91.92852	183.6408	-35.984
90.6831	183.24198	-35.282
89.68758	183.6408	-34.579
88.93992	183.24198	-33.877
88.19328	184.0386	-33.173
87.6945	182.04756	-32.475
86.94786	183.6408	-31.772
85.70244	183.6408	-31.069
84.45804	183.6408	-30.366
82.96374	184.0386	-29.661
81.22056	183.24198	-28.959
79.97514	183.24198	-28.257
79.47738	182.84418	-27.557
78.48084	182.84418	-26.857
77.98308	183.6408	-26.153
77.98308	184.0386	-25.449
77.98308	183.24198	-24.747
78.23196	183.6408	-24.044
78.23196	183.24198	-23.342
78.23196	182.44536	-22.643
78.9786	180.4533	-21.952
79.2285	178.06344	-21.27
79.47738	175.27476	-20.599
79.97514	173.28372	-19.935
80.4729	170.89284	-19.281
80.4729	166.11312	-18.645
80.72178	163.32444	-18.019
79.97514	159.73914	-17.407
80.22402	156.15384	-16.809
79.2285	150.9753	-16.231
78.9786	146.9922	-15.668
78.23196	142.61028	-15.122
78.48084	138.22836	-14.593
77.98308	133.44762	-14.082
77.23542	129.0657	-13.587
76.98654	123.88716	-13.113
76.48878	118.70862	-12.658
75.99102	114.3267	-12.221
75.74214	108.75036	-11.804
74.99448	103.96962	-11.406
75.24336	98.39328	-11.029
74.7456	93.21474	-10.672
73.99896	88.83282	-10.332
73.75008	83.65428	-10.012
73.2513	78.47574	-9.711
72.50466	73.2972	-9.43
71.50812	67.71984	-9.171
71.01036	62.5413	-8.932
70.26372	56.96394	-8.713
69.51606	51.7854	-8.515
68.27064	48.20112	-8.33
66.77736	44.61582	-8.16
64.78428	40.6317	-8.004
63.291	36.6486	-7.864
62.29446	31.07124	-7.745
60.3024	27.88476	-7.638
58.55922	25.4949	-7.54
56.81604	23.10402	-7.452
54.5751	21.9096	-7.368
52.08426	19.91754	-7.292
49.84332	17.52768	-7.224
47.3535	15.13782	-7.166
45.11154	13.94238	-7.113
42.37284	11.95032	-7.067
40.1319	11.55252	-7.023
37.1433	10.35708	-6.983
34.65246	9.56046	-6.947
31.416	8.36502	-6.915
28.67628	7.5684	-6.886
24.94104	6.37398	-6.861
21.70356	6.37398	-6.837
18.71496	5.57736	-6.816
14.97972	4.77972	-6.797
11.49336	4.38192	-6.78
7.75812	3.9831	-6.765
4.02288	3.18648	-6.753
0.03876	3.5853	-6.739
-4.44414	2.78868	-6.729
-8.42826	2.38986	-6.719
-11.66574	2.38986	-6.71
-15.1521	-0.39882	-6.712
-18.38958	-1.59324	-6.718
-22.3737	-1.99206	-6.726
-25.86006	-0.39882	-6.727
-29.84418	0.79662	-6.724
-33.57942	0.39882	-6.723
-37.31466	0	-6.723
-40.55214	-0.39882	-6.724
-44.53626	0	-6.724
-47.52486	0	-6.724
-50.51346	0	-6.724
-52.00674	-0.39882	-6.726
-53.25216	0	-6.726
-53.50104	0	-6.726
-53.00328	0	-6.726
-52.7544	-0.39882	-6.727
-51.50898	-0.39882	-6.729
-49.7658	-1.99206	-6.736
-48.2715	-5.97516	-6.759
-46.27944	-11.1537	-6.802
-44.28738	-15.53562	-6.861
-42.5442	-20.31636	-6.939
-41.0499	-25.09608	-7.035
-39.5556	-29.87682	-7.15
-38.56008	-35.85198	-7.287
-37.56354	-42.62376	-7.45
-37.06578	-50.19216	-7.642
-37.06578	-56.96394	-7.861
-37.56354	-64.53336	-8.108
-38.3112	-72.10176	-8.384
-40.30326	-78.87354	-8.686
-42.5442	-86.84076	-9.018
-45.28392	-95.20578	-9.383
-48.5214	-103.57182	-9.78
-51.50898	-111.93684	-10.208
-54.49758	-119.90406	-10.668
-57.48618	-126.67584	-11.153
-61.22142	-132.651	-11.661
-64.209	-136.63512	-12.184
-66.94872	-140.22042	-12.721
-68.94078	-144.60234	-13.275
-70.93284	-148.58544	-13.844
-72.42714	-152.56854	-14.428
-73.17378	-155.75604	-15.025
-73.42368	-158.54472	-15.632
-73.42368	-160.93458	-16.248
-73.42368	-162.92664	-16.872
-73.42368	-164.51988	-17.502
-72.9249	-166.11312	-18.138
-72.67602	-168.10518	-18.782
-72.17826	-169.2996	-19.43
-72.17826	-171.29166	-20.086
-72.17826	-172.08828	-20.745
-72.42714	-173.68152	-21.411
-73.17378	-174.47814	-22.079
-73.92144	-174.87696	-22.748
-74.91696	-176.07138	-23.423
-75.66462	-176.868	-24.1
-75.9135	-177.26682	-24.779
-76.41126	-178.46226	-25.462
-77.4078	-178.06344	-26.144
-77.90556	-180.0555	-26.834
-78.15444	-178.06344	-27.516
-78.40332	-179.65668	-28.204
-78.40332	-180.85212	-28.896
-77.65668	-181.24992	-29.591
-77.15892	-180.85212	-30.283
-76.66014	-180.85212	-30.976
-76.16238	-180.85212	-31.668
-75.9135	-180.4533	-32.359
-75.41574	-181.24992	-33.054
-74.66808	-182.04756	-33.751
-73.67256	-182.84418	-34.451
-73.42368	-183.24198	-35.153
-73.17378	-182.84418	-35.853
-72.9249	-181.24992	-36.547
-72.67602	-181.24992	-37.241
-72.9249	-182.04756	-37.938
-72.67602	-182.84418	-38.639
-72.17826	-183.6408	-39.342
-72.67602	-183.6408	-40.045
-72.42714	-183.24198	-40.747
-72.67602	-183.24198	-41.449
-72.42714	-182.04756	-42.146
-72.17826	-182.04756	-42.843
-71.6805	-182.84418	-43.543
-71.6805	-183.6408	-44.247
-71.18172	-183.6408	-44.95
-71.18172	-183.24198	-45.652
-70.43508	-183.24198	-46.353
-70.43508	-182.84418	-47.054
-69.68742	-183.6408	-47.757
-68.94078	-183.24198	-48.459
-68.44302	-183.24198	-49.16
-68.19414	-182.84418	-49.861
-67.1976	-183.24198	-50.562
-66.69984	-183.24198	-51.264
-66.69984	-183.24198	-51.966
-66.20208	-184.0386	-52.671
-65.45442	-183.6408	-53.374
-64.95666	-183.24198	-54.076
-64.95666	-183.24198	-54.777
-64.209	-182.84418	-55.478
-63.71124	-183.24198	-56.179
-63.21348	-183.24198	-56.881
-62.46582	-184.0386	-57.586
-61.96806	-183.6408	-58.289
-61.4703	-183.6408	-58.993
-60.47376	-183.24198	-59.694
-59.72712	-182.84418	-60.395
-58.73058	-183.24198	-61.096
-57.98394	-183.24198	-61.798
-56.9874	-183.6408	-62.501
-56.24076	-183.6408	-63.205
-55.743	-183.6408	-63.908
-55.99188	-183.24198	-64.61
-55.4931	-183.24198	-65.311
-54.74646	-182.84418	-66.012
-54.74646	-183.6408	-66.715
-54.2487	-184.0386	-67.42
-53.99982	-183.6408	-68.123
-54.2487	-183.24198	-68.825
-53.74992	-183.24198	-69.526
-53.50104	-182.84418	-70.227
-53.00328	-183.24198	-70.928
-52.25664	-183.6408	-71.632
-51.01122	-184.0386	-72.337
-50.26458	-183.6408	-73.04
-49.26804	-184.83522	-73.748
-48.2715	-182.04756	-74.445
-47.0271	-182.84418	-75.145
-46.52832	-183.24198	-75.847
-46.27944	-183.6408	-76.55
-45.03504	-183.6408	-77.253
-44.28738	-183.6408	-77.957
-45.03504	-183.6408	-78.66
-45.28392	-182.84418	-79.36
-46.03056	-183.24198	-80.062
-46.77822	-183.24198	-80.764
-47.52486	-183.24198	-81.465
-48.2715	-183.24198	-82.167
-49.51692	-182.04756	-82.864
-50.26458	-180.0555	-83.554
-51.01122	-177.26682	-84.233
-51.50898	-173.68152	-84.898
-52.00674	-170.89284	-85.552
-52.50552	-168.50298	-86.198
-52.7544	-165.3165	-86.831
-52.25664	-162.129	-87.452
-51.50898	-157.74708	-88.056
-51.50898	-153.36618	-88.643
-51.50898	-149.38206	-89.215
-51.01122	-144.60234	-89.769
-50.26458	-140.61822	-90.308
-49.7658	-135.8385	-90.828
-49.01916	-131.05776	-91.33
-49.26804	-126.27804	-91.813
-48.77028	-121.4973	-92.279
-48.5214	-116.31876	-92.724
-48.2715	-111.14022	-93.15
-48.2715	-106.3605	-93.557
-48.2715	-101.57976	-93.946
-49.01916	-96.00342	-94.314
-49.01916	-91.22268	-94.663
-49.7658	-86.04414	-94.993
-49.26804	-81.2634	-95.304
-49.26804	-75.68706	-95.594
-48.77028	-70.50852	-95.864
-48.2715	-65.32998	-96.114
-47.52486	-59.75262	-96.343
-46.52832	-54.17628	-96.55
-45.5328	-50.19216	-96.742
-44.78514	-46.20906	-96.919
-44.0385	-42.62376	-97.083
-43.78962	-38.64066	-97.231
-43.29186	-33.4611	-97.359
-42.79308	-29.87682	-97.473
-41.79756	-26.29152	-97.574
-41.0499	-24.69828	-97.668
-40.05438	-22.3074	-97.754
-39.5556	-21.11298	-97.835
-38.3112	-18.7221	-97.906
-37.56354	-16.73106	-97.97
-36.8169	-14.34018	-98.025
-36.06924	-12.74694	-98.074
-35.07372	-11.95032	-98.12
-34.07718	-11.1537	-98.163
-33.57942	-9.56046	-98.199
-32.334	-9.56046	-98.236
-31.33848	-7.96722	-98.266
-29.84418	-6.77178	-98.292
-28.84764	-6.37398	-98.317
-28.101	-5.97516	-98.34
-27.10446	-5.17854	-98.359
-26.6067	-4.77972	-98.378
-26.85558	-4.38192	-98.395
-27.35436	-3.9831	-98.41
-27.85212	-3.5853	-98.423
-27.85212	-3.18648	-98.436
-28.101	-2.78868	-98.446
-28.84764	-2.38986	-98.456
-29.34642	-1.19544	-98.46
-29.34642	0.79662	-98.457
-29.34642	1.19544	-98.452
-29.5953	0.79662	-98.449
-29.09754	-0.39882	-98.451
-29.09754	-0.39882	-98.452
-28.59876	-0.39882	-98.454
-28.101	0.39882	-98.452
-27.85212	0	-98.452
-27.10446	0	-98.452
-26.6067	0	-98.452
-26.35782	0	-98.452
-25.1124	0	-98.452
-24.36576	0	-98.452
-23.6181	0	-98.452
-22.12482	0	-98.452
-20.8794	0	-98.452
-19.63398	0	-98.452
-18.13968	0	-98.452
-16.14762	0	-98.452
-15.1521	0	-98.452
-13.16004	0	-98.452
-11.91462	0	-98.452
-10.17144	0	-98.452
-7.9305	0.39882	-98.451
-6.18732	-0.39882	-98.452
-3.94536	0.39882	-98.451
-1.9533	0	-98.451
0.28764	0	-98.451
2.03082	0	-98.451
4.27176	0	-98.451
5.51718	0	-98.451
7.50924	0	-98.451
8.50578	0.39882	-98.449
10.24896	0	-98.449
11.24448	0	-98.449
12.98766	0	-98.449
13.9842	0	-98.449
15.72738	0	-98.449
17.47056	0	-98.449
19.46262	0	-98.449
21.45468	0	-98.449
23.44674	0	-98.449
25.68768	0	-98.449
27.43086	0	-98.449
28.67628	0.39882	-98.448
29.9217	0	-98.448
30.66834	0	-98.448
31.91376	0	-98.448
32.90928	0.79662	-98.445
34.65246	2.78868	-98.434
35.40012	5.97516	-98.411
34.90236	11.55252	-98.367
37.39218	15.53562	-98.308
38.38872	19.91754	-98.231
39.13536	23.10402	-98.143
40.38078	26.68932	-98.041
41.87508	30.67344	-97.923
43.36836	36.6486	-97.783
44.86266	43.42038	-97.616
46.85472	49.79436	-97.426
48.5979	56.96394	-97.208
51.33762	62.94012	-96.967
54.5751	69.7119	-96.7
57.06492	77.2803	-96.404
59.80464	84.8487	-96.079
62.54334	92.0193	-95.726
64.78428	97.99446	-95.351
67.27512	102.37638	-94.959
69.76494	105.96168	-94.553
72.0069	109.14816	-94.135
73.99896	113.13228	-93.702
75.49224	116.71758	-93.255
76.98654	120.30288	-92.794
78.48084	122.69274	-92.324
79.97514	125.0826	-91.845
81.71832	126.67584	-91.36
82.96374	129.0657	-90.866
84.20814	130.26114	-90.367
85.20468	132.651	-89.859
85.95132	133.44762	-89.348
86.69898	135.04188	-88.831
87.44562	135.8385	-88.311
88.44216	136.63512	-87.787
89.1888	137.82954	-87.259
89.93646	139.02498	-86.727
91.18086	139.8216	-86.192
92.1774	140.22042	-85.655
93.42282	141.01704	-85.115
93.92058	141.81366	-84.571
95.166	142.21146	-84.027
96.16152	142.61028	-83.481
96.65928	143.00808	-82.933
96.90918	143.00808	-82.385
97.9047	143.4069	-81.836
98.90124	143.80572	-81.285
99.399	144.20352	-80.733
100.14564	145.00014	-80.178
101.14218	145.00014	-79.623
101.88882	144.60234	-79.069
102.13872	145.00014	-78.514
103.38312	145.39896	-77.957
103.8819	145.39896	-77.4
104.13078	145.79676	-76.841
104.37966	145.39896	-76.285
104.62854	145.79676	-75.726
104.87742	145.79676	-75.168
105.62508	146.19558	-74.608
105.87396	145.79676	-74.05
106.86948	145.79676	-73.491
107.61714	146.19558	-72.932
108.1149	146.19558	-72.372
108.61266	146.9922	-71.809
109.11042	146.19558	-71.249
109.36032	146.19558	-70.689
109.85808	147.78882	-70.123
110.35584	144.20352	-69.571
110.35584	146.19558	-69.011
110.60472	146.9922	-68.448
111.1035	146.9922	-67.885
111.35238	146.9922	-67.322
111.35238	146.59338	-66.761
111.35238	146.59338	-66.199
111.35238	146.59338	-65.638
111.35238	146.59338	-65.076
111.1035	146.19558	-64.517
110.8536	146.59338	-63.955
111.1035	146.9922	-63.392
111.35238	146.19558	-62.832
111.35238	146.9922	-62.269
111.85014	146.59338	-61.708
112.3479	146.9922	-61.145
112.3479	146.59338	-60.584
113.09556	146.59338	-60.022
113.8422	146.9922	-59.459
114.33996	146.59338	-58.898
113.8422	146.59338	-58.337
114.33996	146.59338	-57.775
114.58986	146.9922	-57.212
114.33996	146.59338	-56.651
114.58986	146.9922	-56.088
115.08762	146.59338	-55.526
115.3365	146.19558	-54.967
115.58538	146.9922	-54.404
115.58538	146.9922	-53.841
115.83426	147.39	-53.276
116.08314	146.9922	-52.713
115.83426	146.19558	-52.153
116.58192	146.19558	-51.594
116.8308	146.59338	-51.032
117.07968	147.39	-50.468
117.82632	146.59338	-49.906
117.82632	146.9922	-49.343
118.07622	146.9922	-48.78
118.3251	146.59338	-48.219
119.07174	146.59338	-47.658
119.07174	146.59338	-47.096
118.82286	146.9922	-46.533
118.57398	146.9922	-45.97
118.82286	146.59338	-45.409
118.57398	146.59338	-44.848
118.07622	146.59338	-44.286
118.07622	146.9922	-43.723
117.82632	146.59338	-43.162
117.32856	146.59338	-42.6
116.8308	146.9922	-42.038
116.08314	146.9922	-41.475
115.58538	146.9922	-40.912
114.58986	146.59338	-40.35
113.8422	146.59338	-39.789
113.09556	146.19558	-39.229
112.3479	146.59338	-38.668
111.35238	146.9922	-38.105
110.35584	146.9922	-37.542
109.11042	146.9922	-36.979
108.36378	146.59338	-36.417
107.61714	146.59338	-35.856
106.86948	146.59338	-35.295
105.37518	146.59338	-34.733
103.632	146.9922	-34.17
102.63648	146.9922	-33.607
101.88882	146.59338	-33.046
100.8933	146.59338	-32.485
99.89676	146.59338	-31.923
98.90124	146.59338	-31.362
97.65582	146.9922	-30.799
96.65928	146.59338	-30.237
95.41488	146.9922	-29.674
94.16946	146.59338	-29.113
92.67516	146.59338	-28.552
91.42974	146.59338	-27.99
90.18534	146.9922	-27.427
88.44216	146.59338	-26.866
87.19674	146.59338	-26.305
85.95132	146.59338	-25.743
84.70692	146.59338	-25.182
82.96374	146.9922	-24.619
81.22056	146.9922	-24.056
79.72626	146.59338	-23.494
78.23196	146.59338	-22.933
76.2399	146.59338	-22.372
74.24784	146.9922	-21.809
73.00242	146.19558	-21.249
72.25578	146.9922	-20.686
71.50812	146.59338	-20.124
71.757	146.9922	-19.562
71.50812	146.19558	-19.002
72.0069	146.59338	-18.44
72.50466	146.59338	-17.879
72.75354	145.39896	-17.322
73.2513	142.61028	-16.776
74.24784	139.8216	-16.24
74.24784	137.03292	-15.716
74.49672	134.24526	-15.202
74.7456	131.85438	-14.697
74.49672	129.0657	-14.202
73.99896	123.88716	-13.728
73.99896	120.70068	-13.266
73.2513	115.92096	-12.822
73.00242	112.33566	-12.391
72.0069	107.95374	-11.978
71.757	103.173	-11.583
71.01036	99.1899	-11.203
70.26372	93.61254	-10.845
70.01382	89.23062	-10.503
69.76494	84.05208	-10.181
69.76494	79.67016	-9.876
70.01382	74.49162	-9.591
69.26718	70.1097	-9.322
69.51606	65.32998	-9.072
69.51606	60.15144	-8.841
69.51606	54.57408	-8.632
69.0183	49.79436	-8.442
69.0183	45.01362	-8.269
67.524	41.82714	-8.109
66.77736	39.03846	-7.96
65.78082	35.45316	-7.824
64.5354	31.07124	-7.705
63.53988	27.08814	-7.601
63.0411	23.90064	-7.51
61.7967	22.3074	-7.424
60.3024	20.71416	-7.345
59.30586	19.12092	-7.272
58.55922	16.73106	-7.208
57.56268	15.13782	-7.15
56.56716	13.14576	-7.099
56.0694	11.55252	-7.055
55.07286	11.1537	-7.012
53.82744	9.95928	-6.974
52.83192	9.16164	-6.939
51.83538	8.36502	-6.907
50.34108	7.1706	-6.88
49.09668	6.37398	-6.855
47.1036	5.97516	-6.832
45.36042	5.17854	-6.813
44.11602	5.17854	-6.793
42.12396	4.38192	-6.776
40.62966	3.5853	-6.762
39.38424	3.18648	-6.75
37.1433	3.18648	-6.738
35.15124	2.78868	-6.727
32.6604	2.38986	-6.718
30.91722	2.38986	-6.709
28.92516	0.79662	-6.706
26.9331	-0.79662	-6.709
24.44328	-1.59324	-6.715
22.45122	-0.39882	-6.716
19.96038	0	-6.716
17.71944	0.39882	-6.715
15.2286	0.39882	-6.713
12.73878	-0.39882	-6.715
10.49784	0	-6.715
7.26036	-0.39882	-6.716
3.774	0	-6.716
0.03876	0	-6.716
-3.19872	0	-6.716
-7.18284	0	-6.716
-10.42032	0	-6.716
-14.40444	0	-6.716
-17.39304	0	-6.716
-21.12828	-0.39882	-6.718
-23.868	-0.39882	-6.719
-27.35436	0	-6.719
-30.34194	0	-6.719
-33.08166	0	-6.719
-36.31914	-0.39882	-6.721
-38.80896	0	-6.721
-41.29878	-0.39882	-6.723
-43.78962	0	-6.723
-46.27944	0	-6.723
-48.5214	0	-6.723
-50.76234	0	-6.723
-52.50552	0	-6.723
-54.49758	0	-6.723
-55.99188	-0.39882	-6.724
-57.48618	0	-6.724
-58.4817	0	-6.724
-59.22936	-0.79662	-6.727
-59.47824	-1.59324	-6.733
-59.47824	-2.78868	-6.744
-58.97946	-4.38192	-6.761
-58.4817	-5.57736	-6.782
-57.98394	-7.1706	-6.809
-57.48618	-7.96722	-6.84
-56.9874	-9.16164	-6.875
-56.48964	-10.35708	-6.915
-55.99188	-12.74694	-6.964
-55.99188	-13.94238	-7.017
-55.99188	-15.13782	-7.075
-56.9874	-16.33224	-7.137
-57.73506	-17.12886	-7.203
-58.73058	-17.92548	-7.272
-59.72712	-19.12092	-7.345
-61.4703	-20.31636	-7.423
-62.46582	-22.70622	-7.51
-63.96012	-23.50284	-7.6
-64.95666	-24.29946	-7.693
-66.45096	-25.09608	-7.789
-67.69536	-25.4949	-7.886
-69.18966	-26.29152	-7.987
-70.1862	-27.88476	-8.094
-70.68396	-29.478	-8.207
-70.93284	-30.27462	-8.323
-71.18172	-31.86786	-8.445
-70.93284	-31.47006	-8.565
-70.93284	-32.26668	-8.689
-70.68396	-32.66448	-8.814
-70.68396	-34.25874	-8.945
-70.1862	-35.45316	-9.081
-69.18966	-36.24978	-9.22
-68.6919	-37.84302	-9.365
-68.6919	-37.84302	-9.51
-68.44302	-37.44522	-9.653
-67.94526	-38.24184	-9.8
-66.94872	-39.43728	-9.951
-66.20208	-41.03052	-10.108
-65.45442	-41.82714	-10.268
-64.95666	-43.02156	-10.433
-64.209	-42.62376	-10.596
-63.21348	-42.62376	-10.759
-62.46582	-43.02156	-10.924
-61.4703	-44.61582	-11.095
-60.72264	-45.41244	-11.269
-59.976	-46.60686	-11.447
-59.47824	-47.00568	-11.627
-58.73058	-47.00568	-11.807
-58.73058	-47.40348	-11.989
-57.98394	-47.40348	-12.17
-57.73506	-48.99774	-12.358
-57.48618	-48.99774	-12.546
-56.9874	-50.19216	-12.738
-56.73852	-50.98878	-12.933
-56.24076	-51.3876	-13.13
-55.743	-51.3876	-13.327
-55.4931	-51.7854	-13.525
-54.74646	-51.3876	-13.722
-53.99982	-52.98084	-13.925
-53.00328	-54.17628	-14.132
-51.75786	-54.17628	-14.34
-51.01122	-54.57408	-14.549
-50.51346	-54.57408	-14.758
-49.51692	-54.17628	-14.965
-48.2715	-54.9729	-15.176
-47.27598	-56.16732	-15.391
-46.52832	-56.96394	-15.609
-45.5328	-57.76158	-15.83
-44.78514	-57.36276	-16.05
-44.53626	-56.96394	-16.268
-44.28738	-57.36276	-16.488
-43.78962	-57.36276	-16.707
-43.04196	-58.956	-16.933
-42.29532	-59.75262	-17.162
-41.54868	-60.15144	-17.392
-40.80102	-60.15144	-17.623
-40.55214	-59.75262	-17.851
-39.5556	-59.35482	-18.079
-39.30672	-59.75262	-18.308
-38.56008	-60.94806	-18.541
-37.81242	-62.14248	-18.779
-37.06578	-62.14248	-19.017
-36.31914	-62.5413	-19.256
-35.82036	-62.14248	-19.494
-35.57148	-62.14248	-19.732
-35.07372	-61.74468	-19.969
-34.32708	-62.5413	-20.208
-33.33054	-63.73674	-20.452
-32.08512	-64.13454	-20.698
-31.58736	-64.53336	-20.945
-31.33848	-64.13454	-21.191
-30.59082	-63.73674	-21.435
-29.84418	-63.73674	-21.679
-29.34642	-64.53336	-21.926
-28.84764	-65.32998	-22.176
-28.59876	-66.1266	-22.43
-28.101	-65.72778	-22.681
-28.59876	-65.72778	-22.933
-28.101	-65.32998	-23.183
-28.101	-65.72778	-23.435
-27.85212	-66.1266	-23.688
-27.35436	-66.5244	-23.943
-26.85558	-67.32204	-24.201
-26.35782	-67.32204	-24.459
-26.10894	-66.92322	-24.715
-25.61118	-66.92322	-24.971
-25.61118	-67.32204	-25.229
-25.36128	-67.32204	-25.487
-24.86352	-67.71984	-25.746
-24.36576	-68.11866	-26.007
-23.868	-69.31308	-26.272
-23.868	-68.11866	-26.533
-23.868	-68.51646	-26.796
-23.36922	-68.11866	-27.057
-22.87146	-68.11866	-27.317
-22.62258	-69.31308	-27.583
-22.12482	-69.31308	-27.848
-22.3737	-69.7119	-28.115
-21.87492	-69.31308	-28.381
-21.87492	-69.31308	-28.646
-21.62604	-69.31308	-28.912
-21.62604	-70.1097	-29.18
-21.62604	-69.7119	-29.447
-20.8794	-70.1097	-29.716
-20.8794	-70.1097	-29.984
-20.63052	-70.50852	-30.254
-20.63052	-70.50852	-30.524
-20.38164	-70.50852	-30.794
-20.38164	-70.50852	-31.064
-19.88286	-70.50852	-31.334
-19.63398	-70.90632	-31.606
-19.13622	-71.30514	-31.879
-18.88734	-71.30514	-32.152
-18.88734	-71.30514	-32.425
-18.38958	-71.30514	-32.698
-18.38958	-70.90632	-32.97
-18.13968	-71.70294	-33.244
-17.8908	-71.70294	-33.519
-17.39304	-72.10176	-33.795
-17.39304	-72.10176	-34.071
-17.64192	-71.70294	-34.346
-17.14416	-71.70294	-34.62
-17.14416	-71.70294	-34.895
-16.89528	-72.10176	-35.171
-16.3965	-72.50058	-35.449
-16.6464	-72.50058	-35.726
-16.3965	-72.50058	-36.004
-16.14762	-72.10176	-36.28
-15.89874	-72.89838	-36.559
-15.64986	-72.50058	-36.837
-15.64986	-72.50058	-37.115
-15.40098	-72.89838	-37.394
-14.90322	-73.2972	-37.674
-14.90322	-72.89838	-37.954
-15.1521	-72.89838	-38.233
-14.65332	-73.2972	-38.514
-14.65332	-72.89838	-38.793
-14.15556	-72.89838	-39.072
-13.90668	-73.695	-39.354
-13.6578	-73.695	-39.636
-13.40892	-73.2972	-39.917
-13.40892	-73.2972	-40.198
-13.16004	-73.2972	-40.478
-13.16004	-73.2972	-40.759
-13.16004	-73.695	-41.041
-13.16004	-73.695	-41.324
-12.41238	-73.695	-41.606
-12.41238	-74.09382	-41.89
-12.41238	-74.09382	-42.173
-12.66126	-73.695	-42.456
-12.66126	-74.09382	-42.739
-12.66126	-73.695	-43.022
-12.41238	-73.695	-43.304
-12.1635	-74.09382	-43.587
-12.1635	-74.49162	-43.873
-12.1635	-74.49162	-44.158
-11.91462	-74.09382	-44.442
-11.91462	-74.49162	-44.727
-11.41686	-74.09382	-45.011
-11.66574	-74.09382	-45.295
-11.16696	-74.49162	-45.58
-10.91808	-74.49162	-45.865
-10.91808	-74.89044	-46.152
-10.91808	-75.68706	-46.442
-11.41686	-73.695	-46.724
-11.16696	-74.09382	-47.008
-10.91808	-74.49162	-47.293
-10.6692	-74.49162	-47.578
-10.42032	-74.89044	-47.865
-10.42032	-75.28824	-48.153
-10.6692	-74.89044	-48.44
-10.42032	-74.49162	-48.726
-10.42032	-74.49162	-49.011
-10.17144	-74.89044	-49.298
-10.17144	-74.89044	-49.584
-10.17144	-75.28824	-49.873
-9.92256	-74.89044	-50.16
-9.67368	-74.89044	-50.446
-9.67368	-74.89044	-50.733
-9.42378	-75.28824	-51.022
-9.1749	-74.89044	-51.308
-8.92602	-75.28824	-51.597
-8.67714	-74.89044	-51.883
-9.1749	-75.28824	-52.172
-8.92602	-75.68706	-52.462
-8.92602	-74.89044	-52.748
-8.42826	-74.89044	-53.035
-8.17938	-75.28824	-53.324
-8.42826	-75.28824	-53.612
-8.42826	-75.28824	-53.9
-8.42826	-75.28824	-54.189
-8.17938	-75.68706	-54.478
-8.17938	-75.28824	-54.767
-8.42826	-75.28824	-55.055
-8.92602	-74.89044	-55.342
-8.42826	-75.28824	-55.63
-8.42826	-75.28824	-55.919
-8.42826	-74.89044	-56.205
-8.92602	-74.09382	-56.489
-9.1749	-72.89838	-56.768
-9.42378	-72.10176	-57.044
-8.92602	-71.30514	-57.317
-7.6806	-70.90632	-57.589
-7.43172	-69.7119	-57.856
-8.17938	-69.31308	-58.121
-9.42378	-67.71984	-58.381
-10.17144	-66.92322	-58.637
-9.92256	-65.32998	-58.887
-8.92602	-67.32204	-59.145
-8.42826	-67.32204	-59.403
-8.42826	-66.5244	-59.658
-8.92602	-62.5413	-59.897
-9.42378	-60.15144	-60.128
-9.67368	-58.15938	-60.35
-9.92256	-57.76158	-60.571
-9.42378	-58.15938	-60.794
-8.92602	-57.76158	-61.015
-8.42826	-57.36276	-61.235
-8.67714	-54.57408	-61.444
-9.1749	-52.58202	-61.645
-8.92602	-50.98878	-61.841
-9.1749	-49.79436	-62.031
-8.67714	-50.19216	-62.224
-8.17938	-50.19216	-62.416
-7.9305	-49.39554	-62.605
-7.43172	-48.20112	-62.79
-7.9305	-45.81024	-62.965
-7.9305	-44.217	-63.134
-8.17938	-43.42038	-63.301
-7.9305	-43.02156	-63.465
-7.43172	-43.8192	-63.633
-7.18284	-42.62376	-63.796
-6.93396	-42.22494	-63.958
-6.93396	-40.2339	-64.112
-7.18284	-38.64066	-64.26
-6.93396	-37.44522	-64.404
-6.93396	-37.44522	-64.547
-6.4362	-37.44522	-64.69
-5.93742	-37.0464	-64.832
-5.93742	-36.6486	-64.973
-5.68854	-34.65654	-65.105
-5.93742	-33.85992	-65.235
-6.18732	-32.66448	-65.36
-6.4362	-32.66448	-65.485
-5.68854	-32.26668	-65.609
-5.43966	-32.26668	-65.732
-5.19078	-31.86786	-65.854
-5.43966	-30.67344	-65.972
-5.19078	-29.0802	-66.083
-5.43966	-28.68138	-66.193
-4.9419	-27.88476	-66.3
-4.9419	-27.88476	-66.407
-4.69302	-27.88476	-66.514
-4.19526	-27.88476	-66.62
-3.94536	-26.68932	-66.723
-3.94536	-25.8927	-66.822
-3.94536	-24.69828	-66.916
-3.94536	-23.90064	-67.008
-3.69648	-23.90064	-67.099
-3.19872	-24.29946	-67.192
-3.19872	-23.90064	-67.284
-2.94984	-23.50284	-67.374
-2.70096	-22.70622	-67.461
-2.94984	-21.51078	-67.543
-2.94984	-21.11298	-67.624
-3.19872	-21.11298	-67.705
-2.70096	-20.71416	-67.784
-2.70096	-20.31636	-67.862
-2.45208	-20.31636	-67.94
-2.45208	-19.91754	-68.016
-2.45208	-19.12092	-68.089
-2.94984	-18.3243	-68.16
-2.70096	-17.92548	-68.228
-3.19872	-17.92548	-68.297
-2.70096	-17.92548	-68.366
-2.70096	-17.52768	-68.433
-2.45208	-17.12886	-68.498
-2.70096	-17.12886	-68.564
-2.94984	-15.93444	-68.625
-2.94984	-15.53562	-68.684
-3.19872	-15.13782	-68.742
-2.70096	-15.53562	-68.802
-2.70096	-15.13782	-68.86
-2.45208	-15.13782	-68.918
-2.70096	-14.739	-68.974
-2.94984	-14.34018	-69.029
-3.4476	-13.14576	-69.079
-3.4476	-13.14576	-69.13
-3.94536	-13.54356	-69.182
-3.69648	-13.14576	-69.232
-4.19526	-13.14576	-69.282
-4.19526	-12.74694	-69.331
-4.9419	-12.34914	-69.378
-5.43966	-11.55252	-69.423
-5.68854	-11.55252	-69.467
-5.68854	-11.55252	-69.511
-5.68854	-11.55252	-69.555
-6.18732	-11.55252	-69.6
-6.18732	-11.1537	-69.642
-6.68508	-10.7559	-69.684
-6.93396	-9.95928	-69.722
-7.43172	-9.95928	-69.76
-7.18284	-9.95928	-69.798
-7.43172	-9.95928	-69.836
-7.18284	-10.35708	-69.876
-6.68508	-9.95928	-69.914
-7.18284	-9.16164	-69.949
-7.18284	-8.76384	-69.983
-7.43172	-8.36502	-70.015
-7.6806	-7.96722	-70.045
-7.6806	-8.76384	-70.079
-7.43172	-9.16164	-70.114
-7.43172	-8.76384	-70.147
-7.43172	-8.76384	-70.181
-7.9305	-7.5684	-70.21
-8.42826	-6.77178	-70.236
-9.1749	-6.77178	-70.262
-8.92602	-7.1706	-70.289
-9.1749	-7.96722	-70.32
-8.92602	-7.96722	-70.35
-9.1749	-7.96722	-70.381
-9.42378	-6.77178	-70.407
-9.67368	-5.97516	-70.43
-9.92256	-5.57736	-70.451
-9.67368	-6.37398	-70.475
-9.42378	-6.77178	-70.501
-8.92602	-6.77178	-70.527
-8.92602	-6.77178	-70.553
-8.92602	-6.37398	-70.578
-9.1749	-5.17854	-70.597
-9.42378	-4.77972	-70.616
-8.67714	-4.77972	-70.634
-8.92602	-5.97516	-70.657
-8.17938	-5.97516	-70.68
-7.9305	-5.97516	-70.703
-8.17938	-5.17854	-70.723
-8.42826	-4.77972	-70.741
-8.42826	-4.38192	-70.758
-7.9305	-4.38192	-70.774
-8.17938	-4.77972	-70.793
-7.9305	-5.17854	-70.813
-7.6806	-5.17854	-70.832
-7.6806	-4.77972	-70.851
-7.6806	-4.38192	-70.867
-7.9305	-3.9831	-70.883
-8.42826	-3.5853	-70.896
-8.42826	-3.9831	-70.912
-7.9305	-3.9831	-70.927
-8.17938	-4.77972	-70.945
-8.17938	-4.38192	-70.962
-8.17938	-3.9831	-70.977
-8.92602	-3.18648	-70.989
-9.1749	-3.18648	-71.002
-10.17144	-3.18648	-71.014
-10.42032	-3.5853	-71.028
-9.67368	-4.38192	-71.044
-9.42378	-3.5853	-71.058
-9.1749	-3.5853	-71.072
-9.1749	-2.38986	-71.081
-9.42378	0.39882	-71.079
-9.42378	1.99206	-71.072
-8.67714	1.59324	-71.066
-8.17938	0	-71.066
-8.17938	-0.79662	-71.069
-7.6806	-0.79662	-71.072
-7.6806	0	-71.072
-7.18284	0.79662	-71.069
-7.18284	0	-71.069
-6.68508	-0.39882	-71.07
-6.93396	0	-71.07
-6.4362	0	-71.07
-6.68508	0.39882	-71.069
-6.18732	-0.39882	-71.07
-6.4362	0	-71.07
-5.68854	0	-71.07
-5.93742	0	-71.07
-5.68854	0	-71.07
-5.43966	0	-71.07
-5.19078	0	-71.07
-4.9419	0	-71.07
-4.9419	0	-71.07
-4.44414	0	-71.07
-4.44414	0	-71.07
-3.94536	0	-71.07
-3.94536	0	-71.07
-3.4476	0	-71.07
-3.69648	0	-71.07
-3.19872	0	-71.07
-3.19872	0	-71.07
-2.70096	0	-71.07
-2.94984	0	-71.07
-2.45208	0	-71.07
-2.45208	0	-71.07
-2.45208	0	-71.07
-2.20218	0	-71.07
-2.45208	0	-71.07
-2.20218	0	-71.07
-2.20218	0	-71.07
-1.9533	0	-71.07
-2.20218	0	-71.07
-1.70442	0	-71.07
-2.20218	0	-71.07
-1.70442	0	-71.07
-1.9533	0	-71.07
-1.45554	0	-71.07
-1.9533	0	-71.07
-1.45554	0	-71.07
-1.70442	0	-71.07
0	0	0
