[info]
speed	180
torque	/
position	/
gravity	/
termination type	/
termination val	/
stopmode	/
pause	/
[SetUp]	/
anatomical zero	/
mov1	/
mov2	/
end position	/
scale values	/
max GET mov1	/
max GET mov2	/
[filter]	/
filter	/
[markers by index]	/
move 1	/
move 2	/
max power start	/
max power end	/
	/
[data]
-7.77342	15.13782	-60.613
-7.27566	15.53562	-60.553
-7.27566	15.13782	-60.495
-7.27566	15.53562	-60.436
-7.77342	15.13782	-60.378
-7.27566	15.13782	-60.32
-7.77342	15.13782	-60.262
-7.27566	15.53562	-60.202
-7.27566	15.53562	-60.143
-7.52454	15.13782	-60.085
-7.27566	15.13782	-60.027
-7.27566	15.53562	-59.967
-7.52454	15.13782	-59.909
-7.02678	15.53562	-59.85
-7.02678	15.13782	-59.792
-7.52454	14.739	-59.735
-7.52454	15.53562	-59.676
-7.27566	15.13782	-59.618
-7.02678	15.53562	-59.559
-7.02678	15.53562	-59.499
-7.27566	15.13782	-59.441
-7.02678	15.13782	-59.383
-7.27566	15.13782	-59.325
-7.02678	15.13782	-59.267
-7.02678	15.53562	-59.208
-7.02678	15.53562	-59.148
-7.27566	15.13782	-59.09
-6.7779	15.53562	-59.031
-7.27566	15.13782	-58.973
-7.02678	15.13782	-58.915
-7.02678	15.13782	-58.857
-7.02678	15.53562	-58.797
-7.02678	15.13782	-58.739
-7.27566	15.53562	-58.68
-7.52454	15.13782	-58.622
-7.27566	15.13782	-58.564
-7.02678	15.53562	-58.504
-7.27566	15.13782	-58.446
-7.02678	15.13782	-58.388
-7.52454	15.53562	-58.329
-7.52454	15.13782	-58.271
-7.27566	15.13782	-58.213
-7.02678	15.13782	-58.155
-7.27566	15.53562	-58.095
-7.27566	15.13782	-58.038
-7.52454	15.53562	-57.978
-7.52454	15.53562	-57.919
-7.52454	15.13782	-57.861
-7.27566	15.13782	-57.803
-7.27566	15.13782	-57.745
-7.52454	15.53562	-57.685
-7.52454	15.13782	-57.627
-7.02678	15.53562	-57.568
-7.27566	15.13782	-57.51
-7.27566	15.13782	-57.452
-7.02678	15.53562	-57.392
-7.27566	15.53562	-57.333
-7.27566	15.13782	-57.275
-7.52454	15.13782	-57.217
-7.52454	15.13782	-57.159
-7.52454	15.13782	-57.101
-7.27566	15.53562	-57.041
-7.27566	15.53562	-56.982
-7.52454	15.13782	-56.924
-7.27566	15.13782	-56.866
-7.52454	15.13782	-56.808
-7.27566	15.53562	-56.748
-7.27566	15.13782	-56.69
-7.52454	15.53562	-56.631
-7.02678	15.13782	-56.573
-7.02678	15.13782	-56.515
-7.52454	15.13782	-56.457
-7.52454	15.53562	-56.398
-7.27566	15.53562	-56.338
-7.52454	15.13782	-56.28
-7.52454	15.13782	-56.222
-7.02678	15.13782	-56.164
-7.27566	15.53562	-56.105
-7.02678	15.13782	-56.047
-7.02678	15.13782	-55.989
-7.02678	15.53562	-55.929
-7.52454	15.53562	-55.87
-7.02678	15.13782	-55.812
-7.02678	15.13782	-55.754
-7.52454	15.53562	-55.694
-7.52454	15.13782	-55.636
-7.52454	15.13782	-55.578
-7.02678	15.53562	-55.519
-7.52454	15.53562	-55.459
-7.02678	15.13782	-55.401
-7.52454	15.13782	-55.343
-7.52454	15.13782	-55.285
-7.02678	15.53562	-55.226
-7.02678	15.13782	-55.168
-7.02678	15.53562	-55.108
-7.52454	15.13782	-55.05
-7.52454	15.13782	-54.993
-7.27566	15.53562	-54.933
-7.02678	15.13782	-54.875
-7.02678	15.13782	-54.817
-7.52454	15.53562	-54.758
-7.27566	15.13782	-54.7
-7.52454	15.13782	-54.642
-7.27566	15.53562	-54.582
-7.52454	15.13782	-54.524
-7.02678	15.53562	-54.465
-7.02678	15.13782	-54.407
-7.02678	15.53562	-54.347
-7.52454	15.13782	-54.289
-7.52454	15.13782	-54.231
-7.27566	15.53562	-54.172
-6.7779	15.13782	-54.114
-6.7779	15.53562	-54.054
-6.7779	15.13782	-53.996
-7.27566	15.13782	-53.938
-7.27566	15.53562	-53.879
-6.7779	15.13782	-53.821
-6.7779	15.13782	-53.763
-6.52902	15.53562	-53.703
-6.52902	15.13782	-53.645
-6.52902	15.13782	-53.587
-6.52902	15.53562	-53.528
-7.02678	15.13782	-53.47
-6.52902	15.53562	-53.411
-6.7779	15.13782	-53.353
-6.7779	15.53562	-53.293
-6.7779	15.13782	-53.235
-6.52902	14.739	-53.179
-6.52902	15.53562	-53.119
-6.52902	15.53562	-53.06
-6.52902	15.13782	-53.002
-6.28014	15.53562	-52.942
-6.7779	15.13782	-52.884
-6.7779	15.13782	-52.826
-7.02678	15.13782	-52.768
-7.02678	15.53562	-52.709
-7.02678	15.13782	-52.651
-7.02678	15.53562	-52.591
-6.7779	15.13782	-52.533
-7.02678	15.53562	-52.474
-6.7779	14.739	-52.417
-6.7779	15.53562	-52.358
-6.7779	15.13782	-52.3
-7.02678	15.13782	-52.242
-7.02678	15.53562	-52.182
-7.02678	15.53562	-52.123
-7.02678	15.13782	-52.065
-7.27566	15.13782	-52.007
-7.52454	15.13782	-51.949
-7.52454	15.53562	-51.89
-7.27566	15.13782	-51.832
-7.27566	15.53562	-51.772
-7.27566	15.13782	-51.714
-7.27566	15.53562	-51.655
-7.52454	15.13782	-51.597
-7.77342	15.13782	-51.539
-7.52454	15.13782	-51.481
-7.27566	15.53562	-51.421
-7.27566	15.13782	-51.363
-7.27566	15.53562	-51.304
-7.27566	15.13782	-51.246
-7.77342	15.53562	-51.186
-7.52454	15.13782	-51.128
-7.77342	15.13782	-51.07
-7.77342	15.13782	-51.012
-8.02332	15.53562	-50.953
-8.02332	15.13782	-50.895
-8.02332	15.53562	-50.835
-8.2722	15.13782	-50.777
-8.02332	15.13782	-50.719
-7.77342	15.53562	-50.66
-7.77342	15.13782	-50.602
-8.02332	15.13782	-50.544
-7.77342	15.53562	-50.485
-8.02332	15.13782	-50.427
-8.02332	15.53562	-50.367
-7.77342	15.13782	-50.309
-8.02332	15.13782	-50.251
-8.02332	15.13782	-50.193
-8.02332	15.53562	-50.134
-8.02332	15.13782	-50.076
-8.02332	15.53562	-50.016
-8.2722	15.13782	-49.958
-8.52108	15.13782	-49.9
-8.52108	15.53562	-49.841
-8.52108	15.53562	-49.781
-8.2722	15.13782	-49.723
-8.76996	15.13782	-49.665
-8.52108	15.13782	-49.607
-8.52108	15.53562	-49.548
-8.2722	15.53562	-49.488
-9.01884	14.739	-49.432
-8.76996	15.53562	-49.372
-9.01884	15.13782	-49.314
-9.26772	15.53562	-49.255
-9.26772	15.13782	-49.197
-9.26772	15.53562	-49.137
-9.5166	15.13782	-49.079
-9.5166	15.13782	-49.022
-9.26772	15.13782	-48.964
-9.26772	15.53562	-48.904
-9.26772	15.53562	-48.845
-9.26772	15.13782	-48.787
-9.5166	15.13782	-48.729
-9.5166	15.53562	-48.669
-9.5166	15.13782	-48.611
-9.5166	15.53562	-48.552
-9.5166	15.13782	-48.494
-9.5166	15.13782	-48.436
-9.7665	15.13782	-48.378
-9.7665	15.53562	-48.318
-9.7665	15.53562	-48.259
-10.26426	15.13782	-48.201
-10.01538	15.13782	-48.143
-10.01538	15.13782	-48.085
-9.7665	15.13782	-48.027
-10.26426	15.53562	-47.967
-9.7665	15.53562	-47.908
-10.26426	15.13782	-47.85
-10.26426	15.53562	-47.79
-10.01538	14.739	-47.734
-9.7665	15.53562	-47.674
-10.01538	15.13782	-47.616
-10.26426	15.13782	-47.559
-10.01538	15.53562	-47.499
-10.26426	15.53562	-47.44
-9.7665	15.13782	-47.382
-9.7665	15.13782	-47.324
-10.01538	15.13782	-47.266
-9.7665	15.13782	-47.208
-9.7665	15.53562	-47.148
-9.7665	15.13782	-47.09
-9.7665	15.53562	-47.031
-9.7665	15.53562	-46.971
-10.26426	15.13782	-46.913
-9.7665	15.13782	-46.855
-10.26426	15.13782	-46.797
-9.7665	15.53562	-46.738
-9.7665	15.13782	-46.68
-10.01538	15.13782	-46.622
-9.7665	15.53562	-46.562
-10.51314	15.13782	-46.504
-10.01538	15.53562	-46.445
-9.7665	15.13782	-46.387
-10.26426	15.13782	-46.329
-10.01538	15.13782	-46.271
-10.01538	15.13782	-46.213
-10.01538	15.53562	-46.153
-10.51314	15.13782	-46.095
-10.51314	15.53562	-46.036
-10.51314	15.53562	-45.977
-10.51314	15.13782	-45.919
-10.26426	15.13782	-45.861
-10.26426	15.13782	-45.803
-10.51314	15.53562	-45.743
-10.51314	15.13782	-45.685
-10.76202	15.13782	-45.627
-10.51314	15.53562	-45.568
-10.76202	15.53562	-45.508
-10.76202	15.13782	-45.45
-10.51314	15.13782	-45.392
-10.51314	15.13782	-45.334
-10.26426	15.53562	-45.275
-10.26426	15.13782	-45.217
-10.76202	15.53562	-45.157
-10.26426	15.13782	-45.099
-10.76202	15.53562	-45.04
-10.26426	15.13782	-44.982
-10.76202	15.13782	-44.924
-10.51314	15.13782	-44.866
-10.26426	15.53562	-44.806
-10.26426	15.13782	-44.748
-10.76202	15.53562	-44.689
-10.26426	15.13782	-44.631
-10.76202	15.13782	-44.573
-10.51314	15.53562	-44.514
-10.51314	15.13782	-44.456
-10.01538	15.13782	-44.398
-10.26426	15.13782	-44.34
-10.26426	15.53562	-44.28
-10.01538	15.13782	-44.222
-10.01538	15.53562	-44.163
-10.01538	15.13782	-44.105
-10.51314	15.53562	-44.045
-10.76202	15.13782	-43.987
-10.26426	15.13782	-43.929
-10.76202	15.53562	-43.87
-10.51314	15.13782	-43.812
-10.26426	15.13782	-43.754
-10.76202	15.13782	-43.696
-10.51314	15.53562	-43.636
-10.51314	15.53562	-43.577
-10.26426	15.13782	-43.519
-10.51314	15.53562	-43.459
-10.51314	15.13782	-43.401
-10.51314	15.13782	-43.343
-10.51314	15.13782	-43.285
-10.51314	15.53562	-43.226
-10.76202	15.53562	-43.166
-11.25978	15.13782	-43.108
-10.76202	15.13782	-43.05
-11.25978	15.53562	-42.991
-10.76202	15.13782	-42.933
-10.76202	15.13782	-42.875
-11.0109	15.13782	-42.817
-11.0109	15.53562	-42.758
-11.75856	15.13782	-42.7
-11.50968	15.53562	-42.64
-11.25978	15.53562	-42.581
-11.0109	14.739	-42.524
-11.25978	15.53562	-42.465
-11.75856	15.13782	-42.407
-11.25978	15.13782	-42.349
-11.50968	15.53562	-42.289
-11.75856	15.53562	-42.23
-11.75856	15.13782	-42.172
-11.50968	15.13782	-42.114
-11.75856	15.13782	-42.056
-11.25978	15.53562	-41.996
-11.50968	15.13782	-41.938
-11.75856	15.53562	-41.879
-11.25978	15.13782	-41.821
-11.50968	15.53562	-41.761
-11.75856	15.13782	-41.703
-11.25978	15.13782	-41.645
-11.25978	15.13782	-41.587
-11.75856	15.53562	-41.528
-11.75856	15.13782	-41.47
-11.25978	15.53562	-41.411
-11.50968	15.13782	-41.353
-11.50968	15.13782	-41.295
-11.25978	15.53562	-41.235
-11.25978	15.13782	-41.177
-11.25978	15.53562	-41.118
-11.25978	15.13782	-41.06
-11.25978	15.13782	-41.002
-11.75856	15.13782	-40.944
-11.75856	15.53562	-40.884
-11.25978	15.13782	-40.826
-11.25978	15.53562	-40.767
-11.25978	15.13782	-40.709
-11.75856	15.13782	-40.651
-11.75856	15.13782	-40.593
-11.25978	15.53562	-40.533
-11.50968	15.13782	-40.475
-11.75856	15.53562	-40.416
-11.50968	15.13782	-40.358
-11.25978	15.53562	-40.298
-11.25978	15.13782	-40.24
-12.00744	15.13782	-40.182
-11.75856	15.13782	-40.124
-11.25978	15.53562	-40.065
-11.50968	15.13782	-40.007
-11.50968	15.53562	-39.948
-11.50968	15.13782	-39.89
-11.50968	15.13782	-39.832
-11.75856	15.53562	-39.772
-11.50968	14.739	-39.716
-11.50968	15.53562	-39.656
-11.75856	15.53562	-39.597
-11.50968	15.13782	-39.539
-11.50968	15.53562	-39.479
-11.50968	15.13782	-39.421
-11.50968	15.53562	-39.362
-11.50968	15.13782	-39.304
-11.75856	15.13782	-39.246
-11.25978	15.53562	-39.186
-11.75856	15.13782	-39.128
-11.50968	15.13782	-39.07
-11.50968	15.53562	-39.011
-11.50968	15.13782	-38.953
-12.00744	15.53562	-38.893
-11.50968	15.13782	-38.835
-11.50968	15.13782	-38.777
-12.00744	15.13782	-38.719
-11.75856	15.53562	-38.66
-11.50968	15.53562	-38.6
-11.75856	15.13782	-38.542
-12.00744	15.13782	-38.485
-12.00744	15.13782	-38.427
-12.00744	15.53562	-38.367
-11.75856	15.13782	-38.309
-11.50968	15.53562	-38.25
-11.50968	14.739	-38.193
-11.50968	15.53562	-38.134
-12.00744	15.53562	-38.074
-12.00744	15.13782	-38.016
-12.00744	15.53562	-37.957
-12.00744	15.13782	-37.899
-11.50968	15.13782	-37.841
-12.00744	15.13782	-37.783
-11.50968	15.13782	-37.725
-11.50968	15.53562	-37.665
-11.50968	15.53562	-37.606
-12.00744	15.13782	-37.548
-11.75856	15.53562	-37.488
-12.25632	15.13782	-37.43
-12.5052	15.53562	-37.371
-12.5052	15.13782	-37.313
-12.5052	15.13782	-37.255
-12.00744	15.13782	-37.197
-12.25632	15.53562	-37.137
-12.25632	15.13782	-37.079
-12.25632	15.53562	-37.02
-12.5052	15.13782	-36.962
-12.5052	15.13782	-36.904
-12.75408	15.53562	-36.845
-13.00296	15.13782	-36.787
-12.5052	15.53562	-36.727
-12.75408	15.13782	-36.669
-12.5052	15.13782	-36.611
-12.75408	15.53562	-36.552
-12.75408	15.13782	-36.494
-13.00296	15.53562	-36.434
-13.25286	15.13782	-36.376
-13.25286	15.13782	-36.318
-13.00296	15.13782	-36.26
-13.25286	15.53562	-36.201
-13.25286	15.13782	-36.143
-13.25286	15.53562	-36.083
-13.00296	15.13782	-36.025
-13.00296	15.13782	-35.967
-13.00296	15.53562	-35.908
-13.25286	15.13782	-35.85
-13.00296	15.53562	-35.79
-13.00296	15.13782	-35.732
-13.25286	15.13782	-35.674
-13.00296	15.53562	-35.615
-13.25286	15.13782	-35.557
-13.00296	15.13782	-35.499
-12.75408	15.53562	-35.44
-13.00296	15.13782	-35.382
-13.25286	15.13782	-35.324
-13.00296	15.53562	-35.264
-13.50174	15.13782	-35.206
-13.00296	15.13782	-35.148
-12.75408	15.53562	-35.089
-13.25286	15.13782	-35.031
-13.00296	15.53562	-34.971
-13.50174	15.13782	-34.913
-13.00296	15.13782	-34.855
-13.25286	15.53562	-34.796
-13.00296	15.13782	-34.738
-13.25286	15.13782	-34.68
-13.00296	15.53562	-34.62
-13.50174	15.13782	-34.562
-13.00296	15.13782	-34.504
-13.00296	15.53562	-34.445
-13.00296	15.13782	-34.387
-13.50174	15.53562	-34.327
-13.50174	15.13782	-34.269
-13.25286	15.13782	-34.211
-13.50174	15.13782	-34.153
-13.25286	15.53562	-34.094
-13.75062	15.13782	-34.036
-13.75062	15.13782	-33.978
-13.25286	15.53562	-33.919
-13.25286	15.53562	-33.859
-13.25286	15.13782	-33.801
-13.25286	15.13782	-33.743
-13.75062	15.13782	-33.685
-13.75062	15.53562	-33.626
-13.25286	15.13782	-33.568
-13.25286	15.13782	-33.51
-13.75062	15.53562	-33.45
-13.75062	15.53562	-33.391
-13.75062	15.13782	-33.333
-13.75062	15.53562	-33.273
-13.25286	15.13782	-33.215
-13.25286	14.739	-33.159
-13.50174	15.53562	-33.099
-13.25286	15.53562	-33.04
-13.75062	15.13782	-32.982
-13.75062	15.53562	-32.922
-13.75062	15.13782	-32.864
-13.50174	15.53562	-32.805
-13.50174	14.739	-32.748
-13.50174	15.53562	-32.689
-13.75062	15.13782	-32.631
-13.75062	15.53562	-32.571
-13.75062	15.13782	-32.514
-13.75062	15.53562	-32.454
-13.75062	15.13782	-32.396
-14.24838	15.13782	-32.338
-14.24838	15.13782	-32.28
-13.9995	15.53562	-32.221
-13.9995	15.13782	-32.163
-13.9995	15.13782	-32.105
-14.49726	15.53562	-32.045
-14.24838	15.13782	-31.987
-14.24838	15.53562	-31.928
-13.9995	15.13782	-31.87
-13.9995	15.53562	-31.81
-13.9995	15.13782	-31.752
-14.49726	15.13782	-31.694
-14.24838	15.13782	-31.636
-14.49726	15.53562	-31.577
-14.24838	15.13782	-31.519
-14.49726	15.53562	-31.459
-14.24838	15.53562	-31.4
-14.49726	15.13782	-31.342
-14.99604	15.13782	-31.284
-14.99604	15.13782	-31.226
-14.99604	15.53562	-31.166
-14.49726	15.13782	-31.108
-14.74614	15.53562	-31.049
-14.74614	15.13782	-30.991
-15.24492	15.53562	-30.932
-14.99604	15.13782	-30.874
-14.99604	15.13782	-30.816
-15.4938	15.53562	-30.756
-15.4938	14.739	-30.7
-15.24492	15.53562	-30.64
-15.24492	15.13782	-30.582
-15.24492	15.53562	-30.523
-15.74268	15.53562	-30.463
-15.74268	15.13782	-30.405
-15.4938	15.13782	-30.347
-15.4938	15.13782	-30.289
-15.74268	15.13782	-30.231
-15.24492	15.53562	-30.172
-15.24492	15.53562	-30.112
-15.4938	15.13782	-30.054
-15.74268	15.53562	-29.995
-15.74268	15.13782	-29.937
-15.4938	15.13782	-29.879
-15.24492	15.53562	-29.819
-15.24492	15.13782	-29.761
-15.74268	15.13782	-29.703
-15.74268	15.13782	-29.645
-15.74268	15.53562	-29.586
-15.4938	15.13782	-29.528
-15.4938	15.53562	-29.468
-15.24492	15.13782	-29.411
-15.24492	15.53562	-29.351
-15.74268	14.739	-29.295
-15.74268	15.53562	-29.235
-15.24492	15.13782	-29.177
-15.74268	15.53562	-29.118
-15.4938	15.13782	-29.06
-15.4938	15.53562	-29
-15.4938	15.13782	-28.942
-15.74268	15.53562	-28.883
-15.99156	15.13782	-28.825
-15.4938	15.13782	-28.767
-15.4938	15.53562	-28.707
-15.4938	15.13782	-28.649
-15.99156	15.13782	-28.591
-16.24044	15.13782	-28.533
-15.74268	15.53562	-28.474
-15.74268	15.13782	-28.416
-15.74268	15.53562	-28.356
-16.24044	15.13782	-28.298
-16.24044	15.13782	-28.24
-16.48932	15.53562	-28.181
-15.99156	15.13782	-28.123
-15.99156	15.13782	-28.065
-16.24044	15.53562	-28.005
-16.48932	15.13782	-27.948
-15.99156	15.13782	-27.89
-16.73922	15.53562	-27.83
-16.48932	15.13782	-27.772
-16.48932	15.53562	-27.713
-16.24044	15.13782	-27.655
-16.24044	15.13782	-27.597
-16.48932	15.13782	-27.539
-16.73922	15.53562	-27.479
-16.73922	15.13782	-27.421
-16.48932	15.53562	-27.362
-16.48932	15.13782	-27.304
-16.48932	15.53562	-27.244
-16.9881	15.13782	-27.186
-16.9881	15.13782	-27.128
-16.48932	15.53562	-27.069
-16.73922	15.13782	-27.011
-16.73922	15.13782	-26.953
-16.73922	15.53562	-26.893
-16.9881	15.13782	-26.835
-16.9881	15.53562	-26.776
-16.9881	15.13782	-26.718
-16.73922	15.13782	-26.66
-16.9881	15.13782	-26.602
-17.23698	15.53562	-26.542
-16.9881	15.13782	-26.485
-16.9881	15.53562	-26.425
-17.23698	15.13782	-26.367
-16.9881	15.13782	-26.309
-16.9881	15.53562	-26.25
-17.48586	15.13782	-26.192
-17.48586	15.13782	-26.134
-16.9881	15.53562	-26.074
-16.9881	15.13782	-26.016
-16.9881	15.13782	-25.958
-17.48586	15.53562	-25.899
-17.48586	15.13782	-25.841
-16.9881	15.53562	-25.781
-17.48586	15.13782	-25.723
-17.23698	15.13782	-25.665
-16.9881	15.13782	-25.607
-17.23698	15.53562	-25.548
-17.48586	15.53562	-25.488
-16.9881	15.13782	-25.43
-17.23698	15.13782	-25.372
-17.48586	15.53562	-25.313
-17.48586	15.13782	-25.255
-17.73474	15.53562	-25.195
-17.73474	15.13782	-25.137
-17.48586	15.13782	-25.079
-17.48586	15.53562	-25.02
-17.98362	15.13782	-24.962
-18.2325	15.53562	-24.903
-17.73474	15.13782	-24.845
-17.73474	15.13782	-24.787
-17.98362	15.53562	-24.727
-18.2325	15.13782	-24.669
-18.2325	15.13782	-24.611
-17.73474	15.53562	-24.552
-17.98362	15.13782	-24.494
-18.2325	15.53562	-24.434
-18.4824	15.13782	-24.376
-17.98362	15.13782	-24.318
-17.98362	15.53562	-24.259
-18.2325	15.13782	-24.201
-18.2325	15.13782	-24.143
-18.4824	15.13782	-24.085
-17.98362	15.53562	-24.025
-17.98362	15.53562	-23.966
-18.2325	15.53562	-23.906
-18.4824	14.739	-23.85
-17.98362	15.13782	-23.792
-17.98362	15.53562	-23.732
-17.98362	15.13782	-23.674
-18.2325	15.53562	-23.615
-17.73474	15.13782	-23.557
-18.4824	15.53562	-23.497
-18.2325	15.13782	-23.44
-17.98362	15.13782	-23.382
-17.98362	15.53562	-23.322
-18.2325	15.13782	-23.264
-17.98362	15.13782	-23.206
-17.98362	15.13782	-23.148
-18.2325	15.53562	-23.089
-18.4824	15.13782	-23.031
-18.4824	15.53562	-22.971
-18.2325	15.13782	-22.913
-18.4824	15.13782	-22.855
-18.4824	15.53562	-22.796
-18.73128	15.13782	-22.738
-18.2325	15.13782	-22.68
-18.2325	15.53562	-22.62
-18.73128	15.53562	-22.561
-18.2325	15.13782	-22.503
-18.4824	15.13782	-22.445
-18.4824	15.53562	-22.385
-18.98016	15.13782	-22.327
-18.4824	15.13782	-22.269
-18.98016	15.13782	-22.211
-18.98016	15.53562	-22.152
-18.98016	15.13782	-22.094
-18.98016	15.53562	-22.034
-18.73128	15.13782	-21.977
-18.98016	15.13782	-21.919
-19.22904	15.13782	-21.861
-18.73128	15.53562	-21.801
-18.73128	15.53562	-21.742
-18.73128	15.13782	-21.684
-18.98016	15.13782	-21.626
-18.73128	15.53562	-21.566
-19.22904	15.13782	-21.508
-19.22904	15.53562	-21.449
-18.73128	15.13782	-21.391
-18.98016	15.13782	-21.333
-19.22904	15.13782	-21.275
-19.47792	15.53562	-21.215
-18.98016	15.13782	-21.157
-18.98016	15.53562	-21.098
-18.98016	15.13782	-21.04
-19.47792	15.13782	-20.982
-19.22904	15.53562	-20.922
-18.98016	15.13782	-20.864
-18.98016	15.13782	-20.806
-19.22904	15.53562	-20.747
-19.22904	15.53562	-20.687
-18.73128	15.13782	-20.629
-18.98016	15.13782	-20.571
-19.22904	15.13782	-20.514
-18.98016	15.53562	-20.454
-18.98016	15.13782	-20.396
-19.22904	15.53562	-20.337
-19.47792	15.13782	-20.279
-19.22904	15.13782	-20.221
-19.22904	15.53562	-20.161
-19.47792	15.13782	-20.103
-18.98016	15.13782	-20.045
-19.22904	15.53562	-19.986
-18.98016	15.13782	-19.928
-19.47792	15.53562	-19.868
-19.47792	15.13782	-19.81
-19.22904	15.13782	-19.752
-19.22904	15.53562	-19.693
-19.47792	15.13782	-19.635
-19.7268	15.53562	-19.575
-19.22904	15.13782	-19.517
-19.22904	15.13782	-19.459
-19.47792	15.13782	-19.401
-19.97568	15.53562	-19.342
-19.97568	15.13782	-19.284
-19.47792	15.53562	-19.224
-19.7268	15.13782	-19.166
-19.97568	15.13782	-19.108
-19.97568	15.53562	-19.049
-20.22558	15.13782	-18.991
-19.7268	15.53562	-18.932
-19.97568	15.13782	-18.874
-20.47446	15.13782	-18.816
-20.47446	15.53562	-18.756
-20.47446	15.13782	-18.698
-20.47446	15.53562	-18.639
-20.22558	15.13782	-18.581
-20.72334	15.13782	-18.523
-20.22558	15.53562	-18.463
-20.22558	15.13782	-18.405
-20.47446	15.53562	-18.346
-20.47446	15.13782	-18.288
-20.47446	15.13782	-18.23
-20.72334	15.13782	-18.172
-20.22558	15.13782	-18.114
-20.72334	15.53562	-18.054
-20.47446	15.53562	-17.995
-20.22558	15.13782	-17.937
-20.22558	15.53562	-17.877
-20.72334	15.13782	-17.819
-20.22558	15.13782	-17.761
-20.22558	15.13782	-17.703
-20.22558	15.53562	-17.644
-20.72334	15.13782	-17.586
-20.22558	15.53562	-17.526
-20.22558	15.13782	-17.468
-20.72334	15.13782	-17.411
-20.72334	15.53562	-17.351
-20.22558	15.13782	-17.293
-20.72334	15.13782	-17.235
-20.47446	15.53562	-17.176
-20.72334	15.13782	-17.118
-20.47446	15.13782	-17.06
-20.47446	15.53562	-17
-20.97222	15.13782	-16.942
-20.97222	15.53562	-16.883
-20.47446	15.13782	-16.825
-20.72334	15.13782	-16.767
-20.97222	15.53562	-16.707
-20.72334	15.13782	-16.649
-20.72334	15.13782	-16.591
-20.72334	15.53562	-16.532
-21.2211	15.13782	-16.474
-21.2211	15.53562	-16.414
-20.72334	15.13782	-16.356
-21.2211	15.13782	-16.298
-21.2211	15.13782	-16.24
-21.2211	15.53562	-16.181
-20.97222	15.13782	-16.123
-21.2211	15.53562	-16.063
-21.2211	15.13782	-16.005
-21.46998	15.53562	-15.946
-21.2211	14.739	-15.89
-21.2211	15.53562	-15.83
-21.71886	15.53562	-15.771
-21.71886	14.739	-15.714
-21.46998	15.53562	-15.655
-21.96876	15.13782	-15.597
-21.96876	15.53562	-15.537
-21.46998	15.53562	-15.478
-21.46998	15.13782	-15.42
-21.96876	15.13782	-15.362
-21.96876	15.13782	-15.304
-21.46998	15.13782	-15.246
-22.21764	15.53562	-15.186
-21.96876	15.53562	-15.127
-21.96876	15.13782	-15.069
-21.71886	15.53562	-15.009
-21.71886	15.13782	-14.951
-21.96876	15.13782	-14.893
-21.71886	15.53562	-14.834
-21.71886	14.739	-14.777
-21.71886	15.53562	-14.718
-22.21764	15.13782	-14.66
-21.96876	15.53562	-14.6
-21.71886	15.53562	-14.541
-21.71886	15.13782	-14.483
-22.21764	15.13782	-14.425
-22.21764	15.13782	-14.367
-22.21764	15.13782	-14.309
-22.21764	15.53562	-14.25
-21.71886	15.13782	-14.192
-21.96876	15.53562	-14.132
-22.21764	15.53562	-14.073
-21.71886	14.739	-14.016
-22.21764	15.53562	-13.957
-21.71886	15.13782	-13.899
-21.71886	15.13782	-13.841
-21.71886	15.53562	-13.781
-22.21764	15.53562	-13.722
-21.96876	15.13782	-13.664
-22.21764	15.13782	-13.606
-22.46652	15.53562	-13.546
-22.21764	15.13782	-13.488
-22.21764	15.13782	-13.43
-22.46652	15.53562	-13.371
-22.21764	15.13782	-13.313
-22.21764	15.13782	-13.255
-22.7154	15.53562	-13.195
-22.21764	15.13782	-13.137
-22.46652	15.53562	-13.078
-22.96428	15.13782	-13.02
-22.46652	15.53562	-12.96
-22.46652	15.13782	-12.903
-22.96428	15.13782	-12.845
-22.96428	15.53562	-12.785
-22.96428	15.13782	-12.727
-22.7154	15.13782	-12.669
-22.96428	15.53562	-12.61
-22.7154	15.13782	-12.552
-22.96428	15.53562	-12.492
-22.7154	15.13782	-12.434
-22.7154	15.13782	-12.376
-22.7154	15.53562	-12.317
-22.7154	15.13782	-12.259
-23.21316	15.53562	-12.199
-23.21316	15.13782	-12.141
-22.96428	15.13782	-12.083
-22.7154	15.53562	-12.024
-22.7154	15.13782	-11.966
-23.21316	15.13782	-11.908
-23.21316	15.13782	-11.85
-22.7154	15.53562	-11.79
-22.7154	15.53562	-11.731
-22.96428	15.13782	-11.673
-22.7154	15.13782	-11.615
-22.7154	15.13782	-11.557
-23.21316	15.53562	-11.497
-22.7154	15.13782	-11.44
-23.21316	15.53562	-11.38
-22.96428	15.13782	-11.322
-23.21316	15.53562	-11.263
-23.21316	15.13782	-11.205
-22.96428	15.13782	-11.147
-22.96428	15.13782	-11.089
-23.21316	15.13782	-11.031
-22.96428	15.53562	-10.971
-22.7154	15.53562	-10.912
-23.21316	15.13782	-10.854
-22.96428	15.13782	-10.796
-22.96428	15.53562	-10.736
-22.96428	15.13782	-10.678
-22.96428	15.13782	-10.62
-23.21316	15.53562	-10.561
-23.46204	15.13782	-10.503
-23.21316	15.13782	-10.445
-23.21316	15.53562	-10.385
-23.71092	15.13782	-10.327
-23.71092	15.13782	-10.269
-23.21316	15.53562	-10.21
-23.71092	15.13782	-10.152
-23.46204	15.13782	-10.094
-23.46204	15.53562	-10.034
-23.96082	15.13782	-9.977
-23.96082	15.53562	-9.917
-23.71092	15.13782	-9.859
-23.46204	15.13782	-9.801
-23.96082	15.53562	-9.742
-23.96082	15.13782	-9.684
-23.46204	15.13782	-9.626
-23.71092	15.53562	-9.566
-24.2097	15.13782	-9.508
-23.96082	15.53562	-9.449
-23.71092	15.13782	-9.391
-24.2097	15.53562	-9.331
-23.71092	15.13782	-9.273
-23.71092	15.13782	-9.215
-23.71092	15.13782	-9.157
-23.71092	15.53562	-9.098
-24.2097	15.13782	-9.04
-23.71092	15.53562	-8.98
-23.96082	15.53562	-8.921
-23.96082	15.13782	-8.863
-23.71092	15.13782	-8.805
-23.71092	15.13782	-8.747
-23.71092	15.53562	-8.687
-24.2097	15.13782	-8.629
-23.96082	15.53562	-8.57
-23.71092	15.13782	-8.512
-24.2097	15.53562	-8.452
-24.2097	14.739	-8.396
-23.71092	15.53562	-8.337
-23.71092	15.13782	-8.279
-23.96082	15.13782	-8.221
-23.71092	15.53562	-8.161
-23.71092	15.13782	-8.103
-23.96082	15.53562	-8.044
-24.2097	15.13782	-7.986
-23.71092	15.53562	-7.926
-23.46204	15.13782	-7.868
-23.46204	15.13782	-7.81
-22.7154	15.13782	-7.752
-22.21764	15.53562	-7.693
-21.96876	15.13782	-7.635
-22.46652	15.53562	-7.575
-21.71886	14.739	-7.519
-21.96876	13.54356	-7.467
-21.2211	11.95032	-7.421
-21.2211	10.35708	-7.382
-21.71886	9.16164	-7.346
-21.46998	8.76384	-7.313
-21.46998	8.36502	-7.281
-21.46998	7.5684	-7.252
-21.96876	6.37398	-7.227
-21.71886	5.57736	-7.206
-22.21764	5.17854	-7.186
-22.46652	4.77972	-7.168
-22.7154	4.38192	-7.151
-22.46652	3.9831	-7.136
-22.46652	3.5853	-7.122
-22.96428	2.78868	-7.112
-23.21316	2.78868	-7.101
-22.96428	2.38986	-7.092
-23.71092	2.38986	-7.083
-23.46204	2.38986	-7.073
-23.96082	1.99206	-7.066
-23.71092	1.99206	-7.058
-23.71092	1.19544	-7.054
-24.2097	1.19544	-7.049
-24.2097	1.19544	-7.044
-23.96082	0.79662	-7.041
-24.2097	1.19544	-7.037
-24.2097	1.19544	-7.032
-23.96082	0.79662	-7.029
-24.2097	0.79662	-7.026
-23.71092	0.79662	-7.023
-24.70746	0	-7.023
-23.96082	0	-7.023
-23.71092	0	-7.023
-23.96082	0	-7.023
-23.46204	0	-7.023
-23.46204	0	-7.023
-23.96082	0	-7.023
-23.71092	0	-7.023
-23.96082	0	-7.023
-24.2097	0	-7.023
-23.96082	0	-7.023
-24.45858	0	-7.023
-24.2097	0	-7.023
-24.2097	0	-7.023
-24.45858	0	-7.023
-24.2097	0	-7.023
-24.2097	0	-7.023
-24.70746	0	-7.023
-24.2097	0	-7.023
-24.45858	0	-7.023
-24.45858	0	-7.023
-23.96082	0	-7.023
-24.2097	0	-7.023
-23.96082	0	-7.023
-23.96082	0	-7.023
-24.2097	0	-7.023
-23.96082	0	-7.023
-24.2097	0	-7.023
-24.2097	0	-7.023
-23.96082	0	-7.023
-24.45858	0	-7.023
-24.45858	0	-7.023
-24.2097	0	-7.023
-24.70746	0	-7.023
-24.45858	0	-7.023
-24.70746	0	-7.023
-24.95634	0	-7.023
-24.70746	0	-7.023
-25.4541	0	-7.023
-25.4541	0	-7.023
-25.4541	0	-7.023
-26.20176	0	-7.023
-26.20176	0	-7.023
-26.45064	0	-7.023
-27.19728	0	-7.023
-26.9484	0	-7.023
-27.19728	0	-7.023
-27.69606	0	-7.023
-27.44718	0	-7.023
-28.19382	0	-7.023
-28.19382	0	-7.023
-28.69158	0	-7.023
-29.68812	0	-7.023
-29.937	0	-7.023
-30.93354	0	-7.023
-31.92906	0	-7.023
-33.42336	0	-7.023
-33.92112	0	-7.023
-33.92112	0	-7.023
-34.17	0	-7.023
-33.17448	0	-7.023
-33.67224	0	-7.023
-32.9256	0	-7.023
-32.67672	-0.79662	-7.026
-31.68018	-3.5853	-7.04
-30.93354	-7.96722	-7.07
-29.68812	-13.14576	-7.121
-28.94046	-17.92548	-7.189
-28.4427	-23.10402	-7.278
-27.44718	-27.88476	-7.385
-27.69606	-33.0633	-7.511
-27.19728	-39.83508	-7.664
-26.69952	-45.41244	-7.838
-26.45064	-53.37966	-8.042
-25.95288	-60.94806	-8.276
-26.45064	-68.51646	-8.538
-26.45064	-75.68706	-8.828
-27.94494	-83.25546	-9.147
-28.94046	-90.82386	-9.494
-30.93354	-98.79108	-9.873
-32.67672	-107.95374	-10.286
-33.92112	-115.92096	-10.73
-35.16654	-123.48936	-11.203
-37.40748	-129.46452	-11.699
-39.39954	-135.43968	-12.218
-41.3916	-137.43174	-12.744
-42.8859	-142.21146	-13.288
-44.13132	-146.9922	-13.851
-45.37674	-150.5775	-14.428
-46.87104	-154.5606	-15.02
-48.11544	-156.95046	-15.621
-49.36086	-159.73914	-16.233
-50.85516	-161.33238	-16.851
-52.59834	-163.32444	-17.476
-53.59386	-165.7143	-18.111
-55.33704	-167.70636	-18.753
-56.33358	-169.2996	-19.401
-58.32564	-170.49504	-20.054
-59.81994	-171.68946	-20.712
-61.31424	-173.68152	-21.377
-63.3063	-172.4871	-22.038
-65.29836	-174.87696	-22.707
-67.04154	-176.07138	-23.382
-69.0336	-176.868	-24.059
-70.5279	-178.46226	-24.742
-71.27454	-176.07138	-25.417
-73.01772	-178.06344	-26.099
-74.01426	-178.86006	-26.784
-74.26314	-179.25888	-27.47
-75.50856	-180.0555	-28.16
-76.2552	-180.4533	-28.851
-76.50408	-180.4533	-29.542
-76.75296	-180.4533	-30.233
-77.00286	-180.85212	-30.925
-77.50062	-180.85212	-31.618
-78.24726	-181.24992	-32.312
-78.74604	-181.24992	-33.006
-78.74604	-182.04756	-33.703
-79.74156	-182.44536	-34.402
-80.7381	-182.44536	-35.101
-81.23586	-182.44536	-35.8
-81.48474	-182.04756	-36.497
-82.2324	-182.04756	-37.194
-82.73016	-182.44536	-37.893
-83.22792	-182.44536	-38.591
-83.72568	-182.84418	-39.292
-84.47334	-183.24198	-39.993
-85.21998	-182.84418	-40.694
-85.71774	-183.24198	-41.395
-86.21652	-182.84418	-42.095
-86.71428	-183.24198	-42.797
-86.96316	-182.84418	-43.497
-86.71428	-182.84418	-44.198
-87.21204	-183.24198	-44.899
-87.21204	-182.84418	-45.6
-87.71082	-183.6408	-46.303
-88.20858	-183.24198	-47.005
-87.9597	-183.6408	-47.708
-87.71082	-184.83522	-48.416
-87.9597	-181.24992	-49.11
-87.71082	-182.84418	-49.81
-87.9597	-183.24198	-50.512
-87.21204	-183.6408	-51.215
-87.71082	-183.6408	-51.919
-87.71082	-184.0386	-52.623
-87.21204	-183.6408	-53.327
-87.46092	-182.84418	-54.027
-87.21204	-182.84418	-54.727
-86.96316	-182.84418	-55.427
-86.71428	-183.24198	-56.129
-86.4654	-184.0386	-56.834
-85.46886	-183.6408	-57.537
-85.96764	-183.6408	-58.24
-85.71774	-183.6408	-58.944
-85.96764	-182.84418	-59.644
-84.9711	-182.84418	-60.344
-84.9711	-183.6408	-61.047
-84.47334	-183.6408	-61.751
-83.97558	-183.6408	-62.454
-83.22792	-183.6408	-63.157
-83.22792	-183.24198	-63.859
-83.4768	-182.84418	-64.559
-82.97904	-183.24198	-65.261
-82.48128	-183.6408	-65.964
-82.2324	-184.0386	-66.669
-81.23586	-183.24198	-67.371
-80.7381	-183.24198	-68.073
-80.48922	-183.24198	-68.774
-79.99044	-183.24198	-69.476
-79.2438	-183.6408	-70.179
-78.99492	-183.6408	-70.883
-79.2438	-183.6408	-71.586
-78.99492	-183.6408	-72.289
-79.49268	-183.6408	-72.993
-79.74156	-182.84418	-73.693
-79.74156	-183.24198	-74.395
-79.99044	-183.24198	-75.096
-80.7381	-182.44536	-75.795
-81.73362	-180.4533	-76.486
-82.73016	-178.46226	-77.169
-83.22792	-175.67358	-77.842
-83.4768	-172.8849	-78.504
-83.4768	-169.69842	-79.154
-83.72568	-167.30754	-79.795
-83.97558	-163.72326	-80.422
-84.47334	-159.34134	-81.032
-84.72222	-155.35722	-81.627
-85.46886	-151.37412	-82.207
-85.46886	-147.39	-82.771
-85.21998	-142.61028	-83.317
-84.9711	-138.22836	-83.847
-84.9711	-133.84644	-84.359
-84.47334	-128.6679	-84.852
-84.22446	-123.88716	-85.327
-84.47334	-118.70862	-85.781
-83.4768	-113.9289	-86.218
-83.22792	-109.54698	-86.637
-82.97904	-104.36844	-87.037
-83.4768	-99.5877	-87.418
-83.22792	-94.40916	-87.78
-82.48128	-89.23062	-88.121
-81.9825	-84.05208	-88.443
-81.48474	-79.27236	-88.747
-80.48922	-73.695	-89.029
-79.49268	-67.71984	-89.288
-78.74604	-62.5413	-89.528
-77.99838	-57.76158	-89.749
-76.75296	-51.7854	-89.948
-75.75744	-48.59892	-90.134
-73.76538	-45.01362	-90.306
-71.77332	-40.6317	-90.462
-70.5279	-36.24978	-90.6
-68.53584	-31.47006	-90.721
-66.79266	-28.28256	-90.829
-64.55172	-25.4949	-90.927
-63.05742	-23.90064	-91.018
-62.06088	-21.9096	-91.102
-60.81546	-19.51974	-91.177
-59.32218	-17.12886	-91.243
-58.32564	-15.53562	-91.302
-57.3291	-13.94238	-91.356
-56.58246	-12.74694	-91.404
-55.08816	-11.55252	-91.449
-54.34152	-10.35708	-91.488
-52.59834	-9.16164	-91.523
-50.60628	-8.76384	-91.557
-48.36432	-7.5684	-91.586
-45.12786	-6.77178	-91.612
-42.38814	-6.37398	-91.636
-39.15066	-5.57736	-91.658
-35.6643	-5.17854	-91.677
-32.9256	-4.38192	-91.694
-29.937	-3.9831	-91.71
-25.95288	-3.18648	-91.722
-21.71886	-3.5853	-91.735
-17.98362	-2.78868	-91.746
-13.9995	-2.78868	-91.757
-11.0109	-1.59324	-91.763
-7.27566	0.39882	-91.761
-3.7893	1.99206	-91.754
1.19136	1.19544	-91.749
5.92212	0.39882	-91.748
10.90278	-0.39882	-91.749
15.63456	-0.79662	-91.752
20.61522	-0.39882	-91.754
25.84374	0.79662	-91.751
30.07776	0.39882	-91.749
34.80954	0.39882	-91.748
39.78918	0	-91.748
44.52096	0	-91.748
48.00732	0	-91.748
50.74704	0	-91.748
53.48574	0.39882	-91.746
53.9835	0	-91.746
54.48228	0.39882	-91.745
54.73116	0	-91.745
55.22892	0.39882	-91.743
54.98004	1.19544	-91.739
54.73116	3.9831	-91.723
54.2334	8.36502	-91.691
53.73462	13.54356	-91.639
53.73462	18.3243	-91.569
52.7391	22.70622	-91.482
52.49022	27.08814	-91.378
51.99144	33.0633	-91.252
50.99592	39.03846	-91.102
50.49714	45.41244	-90.928
50.74704	52.18422	-90.729
50.74704	58.5582	-90.504
50.49714	65.72778	-90.253
50.99592	72.50058	-89.975
51.2448	80.46678	-89.667
52.49022	88.434	-89.328
53.48574	96.40122	-88.959
55.22892	104.76624	-88.558
56.47434	112.33566	-88.128
57.71976	120.70068	-87.665
59.21304	127.07466	-87.179
60.95622	132.651	-86.671
63.19818	136.63512	-86.147
65.93688	141.01704	-85.607
68.17782	145.39896	-85.05
70.66866	148.98426	-84.48
73.15848	153.36618	-83.893
74.65278	156.55266	-83.293
77.3925	158.1459	-82.687
79.38456	160.13796	-82.074
80.87886	162.92664	-81.45
82.37214	164.91768	-80.819
83.61756	167.30754	-80.178
85.36074	168.9018	-79.531
86.1084	169.69842	-78.881
86.85504	171.29166	-78.225
87.10392	172.08828	-77.566
87.60168	173.28372	-76.903
87.60168	174.47814	-76.234
87.85158	175.67358	-75.562
88.10046	176.4702	-74.886
89.84364	176.07138	-74.211
90.3414	177.26682	-73.533
91.58682	177.66564	-72.852
92.58234	178.86006	-72.167
92.58234	179.65668	-71.479
93.33	180.0555	-70.79
93.82776	179.65668	-70.102
94.07664	180.0555	-69.412
95.07318	180.0555	-68.723
96.56646	180.4533	-68.031
96.81636	181.64874	-67.336
98.06076	181.64874	-66.64
98.55954	181.64874	-65.944
98.30964	181.64874	-65.249
98.80842	181.64874	-64.553
98.55954	182.04756	-63.856
98.30964	182.04756	-63.159
98.55954	182.84418	-62.459
99.0573	182.44536	-61.76
99.55506	182.44536	-61.061
100.05282	182.04756	-60.364
99.30618	182.84418	-59.664
98.55954	182.84418	-58.964
98.06076	183.6408	-58.26
96.81636	182.84418	-57.56
96.56646	182.44536	-56.861
97.31412	182.44536	-56.163
97.06524	182.84418	-55.462
96.56646	182.84418	-54.762
95.81982	183.6408	-54.059
94.07664	183.6408	-53.356
93.33	183.6408	-52.652
92.83122	182.84418	-51.952
92.33346	182.84418	-51.252
92.58234	182.84418	-50.552
92.58234	183.24198	-49.85
92.33346	183.6408	-49.147
91.58682	182.84418	-48.446
90.59028	183.24198	-47.745
89.34486	183.6408	-47.041
88.34934	183.6408	-46.338
87.3528	183.6408	-45.635
87.3528	183.24198	-44.933
87.60168	184.0386	-44.228
87.10392	181.24992	-43.534
86.1084	183.6408	-42.831
85.36074	183.6408	-42.128
83.86644	184.0386	-41.423
82.87092	184.0386	-40.718
81.87438	183.24198	-40.016
81.6255	182.44536	-39.317
80.87886	182.84418	-38.617
80.62896	183.6408	-37.914
79.38456	183.6408	-37.211
78.13914	183.6408	-36.507
76.64484	183.6408	-35.804
75.15054	183.6408	-35.101
74.90166	182.84418	-34.401
73.65726	183.24198	-33.699
72.66072	183.24198	-32.997
72.16296	183.6408	-32.294
71.4153	183.6408	-31.591
70.66866	183.6408	-30.887
69.42324	182.84418	-30.187
68.17782	183.24198	-29.485
66.93342	184.43742	-28.779
65.93688	182.44536	-28.08
64.69146	184.0386	-27.375
64.69146	183.6408	-26.672
64.69146	183.24198	-25.97
64.1937	182.84418	-25.27
64.69146	183.24198	-24.568
63.94482	182.84418	-23.868
63.94482	182.84418	-23.168
64.1937	181.24992	-22.474
64.1937	180.0555	-21.784
65.19024	174.47814	-21.116
64.69146	173.28372	-20.452
64.94136	171.68946	-19.795
64.44258	168.50298	-19.15
63.94482	164.91768	-18.518
63.44706	161.33238	-17.9
62.94828	156.95046	-17.299
62.94828	153.36618	-16.712
61.95276	149.38206	-16.14
61.2051	144.60234	-15.586
60.20958	140.22042	-15.049
60.20958	135.43968	-14.53
58.96416	131.05776	-14.028
58.4664	126.27804	-13.545
58.21752	121.4973	-13.079
56.47434	116.31876	-12.634
55.72668	111.53904	-12.207
54.2334	105.96168	-11.801
52.24032	101.18196	-11.414
50.49714	96.00342	-11.046
48.00732	90.42606	-10.7
45.5175	84.8487	-10.375
42.77778	79.67016	-10.07
39.5403	74.49162	-9.784
37.29936	68.91528	-9.52
34.55964	63.33792	-9.278
31.82094	58.15938	-9.055
29.3301	52.18422	-8.855
26.34252	47.8023	-8.672
23.6028	44.61582	-8.501
20.36532	41.42832	-8.343
17.12886	37.44522	-8.199
14.14026	32.66448	-8.074
10.6539	28.68138	-7.964
6.91866	25.4949	-7.867
3.4323	23.50284	-7.777
-0.30294	21.51078	-7.694
-5.03472	20.31636	-7.616
-8.76996	17.92548	-7.548
-12.75408	15.93444	-7.487
-17.23698	13.94238	-7.433
-22.21764	12.34914	-7.386
-27.94494	10.7559	-7.345
-34.17	10.7559	-7.304
-40.89384	9.56046	-7.267
-47.3688	9.16164	-7.232
-53.0961	7.5684	-7.203
-58.8234	6.77178	-7.177
-64.05294	5.57736	-7.156
-68.28696	4.77972	-7.137
-71.27454	4.77972	-7.119
-74.01426	4.77972	-7.101
-74.7609	4.38192	-7.084
-75.25968	3.5853	-7.07
-75.50856	2.78868	-7.06
-76.00632	2.78868	-7.049
-75.75744	2.78868	-7.038
-74.7609	2.78868	-7.028
-74.7609	0.79662	-7.025
-75.50856	-0.39882	-7.026
-76.2552	-1.19544	-7.031
-77.50062	-0.39882	-7.032
-79.74156	0.39882	-7.031
-81.9825	0	-7.031
-84.72222	0.39882	-7.029
-88.45746	-0.39882	-7.031
-91.69494	0	-7.031
-94.68354	0	-7.031
-97.17336	0	-7.031
-98.91654	0	-7.031
-99.91308	0	-7.031
-100.65972	0	-7.031
-100.16196	-0.39882	-7.032
-99.4143	-1.59324	-7.038
-98.1699	-3.9831	-7.054
-96.17682	-7.96722	-7.084
-93.93588	-13.54356	-7.136
-92.1927	-17.92548	-7.205
-90.20064	-22.70622	-7.292
-88.20858	-27.48594	-7.397
-86.96316	-32.66448	-7.522
-86.4654	-39.43728	-7.673
-85.21998	-46.20906	-7.85
-84.72222	-53.37966	-8.054
-85.46886	-60.94806	-8.288
-85.96764	-68.11866	-8.549
-86.96316	-75.28824	-8.837
-88.70634	-82.85766	-9.154
-90.6984	-91.22268	-9.504
-93.18924	-99.5877	-9.885
-95.43018	-107.55492	-10.297
-97.92	-116.31876	-10.742
-99.4143	-123.48936	-11.215
-101.90514	-129.0657	-11.71
-104.14608	-134.64306	-12.225
-105.88926	-138.62616	-12.756
-106.6359	-142.61028	-13.302
-107.38356	-146.19558	-13.862
-107.88132	-150.5775	-14.439
-107.88132	-154.5606	-15.031
-107.38356	-157.34928	-15.633
-107.13468	-159.73914	-16.245
-107.63244	-162.52782	-16.867
-107.13468	-162.52782	-17.49
-107.13468	-164.91768	-18.121
-106.6359	-167.30754	-18.762
-106.6359	-169.2996	-19.411
-106.38702	-170.49504	-20.063
-107.38356	-171.68946	-20.721
-108.1302	-172.4871	-21.382
-107.88132	-173.68152	-22.047
-108.1302	-174.87696	-22.716
-108.87786	-176.07138	-23.391
-108.62796	-176.4702	-24.067
-108.62796	-177.26682	-24.745
-108.37908	-177.26682	-25.424
-108.37908	-178.06344	-26.106
-107.88132	-178.46226	-26.79
-106.88478	-178.86006	-27.475
-106.88478	-180.4533	-28.166
-106.6359	-180.4533	-28.857
-105.88926	-180.4533	-29.548
-105.3915	-180.85212	-30.24
-104.64384	-180.0555	-30.93
-104.64384	-180.85212	-31.623
-104.64384	-180.85212	-32.315
-104.89272	-181.24992	-33.009
-104.64384	-182.44536	-33.708
-104.39496	-182.44536	-34.407
-104.89272	-182.84418	-35.107
-104.39496	-182.04756	-35.804
-104.39496	-181.64874	-36.5
-104.14608	-182.04756	-37.197
-103.64832	-182.44536	-37.896
-103.39842	-182.84418	-38.596
-102.90066	-184.0386	-39.301
-102.4029	-181.24992	-39.995
-102.15402	-183.24198	-40.697
-101.40636	-183.24198	-41.398
-100.9086	-183.24198	-42.1
-100.65972	-182.84418	-42.8
-99.66318	-182.44536	-43.499
-99.91308	-182.84418	-44.199
-99.66318	-183.24198	-44.901
-99.16542	-183.24198	-45.603
-99.4143	-183.24198	-46.305
-99.16542	-183.24198	-47.006
-98.41878	-184.0386	-47.711
-98.1699	-183.24198	-48.413
-97.92	-182.84418	-49.113
-97.42224	-182.84418	-49.813
-97.17336	-183.24198	-50.515
-96.42672	-182.84418	-51.215
-96.17682	-183.6408	-51.919
-95.43018	-183.6408	-52.622
-94.93242	-184.0386	-53.327
-93.93588	-183.24198	-54.028
-93.43812	-183.24198	-54.73
-92.94036	-182.84418	-55.43
-92.44158	-182.84418	-56.131
-91.69494	-183.6408	-56.834
-90.94728	-183.6408	-57.537
-89.95176	-183.6408	-58.24
-89.454	-184.0386	-58.945
-89.70288	-183.24198	-59.647
-88.95522	-183.24198	-60.349
-88.70634	-182.44536	-61.047
-87.71082	-183.24198	-61.749
-87.21204	-183.6408	-62.452
-86.4654	-184.0386	-63.157
-85.71774	-183.6408	-63.861
-85.71774	-183.6408	-64.564
-84.72222	-182.84418	-65.264
-83.97558	-183.24198	-65.966
-83.22792	-183.24198	-66.668
-81.9825	-183.6408	-67.371
-80.98698	-183.6408	-68.074
-79.74156	-185.23404	-68.784
-78.99492	-181.24992	-69.478
-77.99838	-183.24198	-70.179
-77.25174	-183.24198	-70.881
-77.25174	-184.0386	-71.586
-77.00286	-183.6408	-72.289
-77.00286	-183.6408	-72.993
-77.25174	-183.24198	-73.694
-77.50062	-182.84418	-74.395
-77.99838	-182.84418	-75.095
-78.24726	-182.44536	-75.793
-79.49268	-181.24992	-76.488
-80.48922	-178.46226	-77.171
-80.48922	-175.67358	-77.844
-80.48922	-172.4871	-78.504
-79.74156	-169.69842	-79.154
-79.74156	-166.90974	-79.793
-78.74604	-163.72326	-80.42
-78.24726	-159.34134	-81.031
-77.7495	-155.75604	-81.627
-76.75296	-151.37412	-82.207
-76.2552	-146.9922	-82.77
-75.00978	-142.61028	-83.316
-74.01426	-138.22836	-83.845
-73.2666	-133.84644	-84.358
-72.27108	-128.6679	-84.851
-71.02566	-123.88716	-85.325
-70.03014	-118.70862	-85.78
-69.0336	-113.53008	-86.214
-67.78818	-109.54698	-86.634
-67.29042	-104.36844	-87.034
-66.54378	-99.5877	-87.415
-65.54724	-94.80798	-87.778
-65.04948	-89.23062	-88.12
-64.8006	-84.05208	-88.442
-63.55518	-78.87354	-88.744
-62.30976	-73.2972	-89.025
-62.06088	-68.11866	-89.285
-61.31424	-62.94012	-89.526
-60.06882	-57.36276	-89.746
-58.8234	-51.7854	-89.944
-57.3291	-48.59892	-90.131
-55.08816	-45.41244	-90.305
-53.0961	-40.6317	-90.46
-51.35292	-35.85198	-90.597
-48.36432	-31.86786	-90.719
-46.12338	-27.88476	-90.826
-43.13478	-25.4949	-90.924
-40.39608	-23.90064	-91.015
-36.66084	-21.9096	-91.099
-33.67224	-19.12092	-91.173
-29.937	-17.52768	-91.24
-26.9484	-15.53562	-91.299
-23.71092	-13.54356	-91.351
-20.72334	-12.74694	-91.4
-17.73474	-11.55252	-91.444
-14.49726	-9.95928	-91.482
-11.75856	-9.16164	-91.517
-8.76996	-8.76384	-91.551
-5.2836	-7.1706	-91.578
-2.5449	-6.77178	-91.604
1.19136	-6.37398	-91.629
4.42782	-5.57736	-91.65
9.40848	-4.77972	-91.668
13.3926	-4.77972	-91.687
17.62662	-4.38192	-91.703
22.85616	-3.18648	-91.716
28.58346	-2.78868	-91.726
33.31524	-2.78868	-91.737
38.54478	-3.18648	-91.749
41.78226	-1.99206	-91.757
45.76638	0.39882	-91.755
49.00386	2.38986	-91.746
52.49022	2.38986	-91.737
55.97658	0	-91.737
59.21304	-0.79662	-91.74
61.95276	-0.79662	-91.743
65.43912	0	-91.743
69.17436	0.39882	-91.742
72.41184	0	-91.742
74.90166	0.39882	-91.74
77.89026	-0.39882	-91.742
80.62896	0.39882	-91.74
83.1198	0	-91.74
85.36074	0	-91.74
86.35728	0	-91.74
87.10392	0	-91.74
87.10392	0.39882	-91.739
87.3528	0	-91.739
86.85504	0	-91.739
87.10392	0.79662	-91.735
86.60616	2.38986	-91.726
86.60616	5.57736	-91.705
85.8585	10.7559	-91.664
85.36074	15.93444	-91.603
84.11532	20.71416	-91.523
83.61756	25.09608	-91.427
83.36868	29.87682	-91.313
82.87092	36.24978	-91.174
83.61756	43.02156	-91.009
84.36522	49.79436	-90.819
84.86298	57.76158	-90.597
86.35728	64.13454	-90.352
87.3528	71.70294	-90.077
89.84364	79.27236	-89.774
92.08458	87.23958	-89.44
94.82328	95.20578	-89.075
97.06524	103.57182	-88.678
98.55954	111.93684	-88.25
101.29824	119.90406	-87.79
102.79254	126.27804	-87.307
104.28684	131.85438	-86.802
106.2789	136.63512	-86.279
107.27442	140.22042	-85.742
109.0176	144.60234	-85.188
110.01414	148.98426	-84.617
111.25956	152.56854	-84.033
111.75732	156.15384	-83.435
112.50396	158.1459	-82.829
113.00274	160.13796	-82.216
114.49704	162.52782	-81.594
115.24368	164.12106	-80.965
116.98686	166.51092	-80.327
118.23228	168.9018	-79.681
119.47668	170.09622	-79.029
120.97098	170.89284	-78.375
121.46976	172.08828	-77.716
122.46528	172.8849	-77.054
123.95958	174.47814	-76.385
124.20846	175.27476	-75.714
125.205	176.868	-75.037
125.45388	176.4702	-74.361
126.20052	177.26682	-73.682
127.44594	177.66564	-73.002
127.9437	178.46226	-72.318
127.9437	180.4533	-71.627
127.9437	178.46226	-70.944
127.9437	180.0555	-70.254
127.44594	180.0555	-69.565
127.44594	180.4533	-68.874
127.19706	180.85212	-68.181
127.9437	180.85212	-67.488
127.69482	181.24992	-66.794
127.9437	181.24992	-66.1
127.69482	181.24992	-65.406
127.69482	182.44536	-64.707
127.19706	182.44536	-64.009
127.19706	183.6408	-63.305
127.69482	180.4533	-62.614
127.9437	182.04756	-61.917
127.9437	182.44536	-61.218
128.44146	182.84418	-60.518
127.69482	182.84418	-59.818
126.94818	183.24198	-59.116
126.20052	182.84418	-58.416
125.45388	182.44536	-57.717
125.205	182.84418	-57.017
125.70276	182.84418	-56.317
124.70622	182.84418	-55.616
124.70622	183.24198	-54.915
123.95958	183.24198	-54.213
122.71416	183.24198	-53.511
121.71864	183.24198	-52.809
120.7221	183.24198	-52.108
119.72658	182.84418	-51.407
119.47668	182.84418	-50.707
118.73004	183.24198	-50.005
116.98686	183.24198	-49.304
116.73798	183.6408	-48.6
115.49256	183.6408	-47.897
113.5005	182.84418	-47.197
113.25162	183.6408	-46.494
112.25508	183.24198	-45.792
111.01068	182.84418	-45.092
110.5119	183.24198	-44.39
109.2675	183.6408	-43.687
108.27096	183.24198	-42.985
107.27442	183.6408	-42.282
105.53226	183.24198	-41.58
103.78908	183.6408	-40.877
102.29478	183.24198	-40.175
100.5516	183.24198	-39.473
99.55506	183.6408	-38.77
98.30964	183.24198	-38.068
97.31412	182.84418	-37.368
96.31758	183.24198	-36.666
94.82328	183.6408	-35.963
92.83122	183.6408	-35.259
91.8357	184.0386	-34.555
91.08804	183.24198	-33.853
90.09252	182.84418	-33.153
89.09598	182.84418	-32.452
88.59822	184.0386	-31.748
87.3528	182.84418	-31.047
85.8585	184.0386	-30.343
84.36522	183.6408	-29.639
82.62204	183.6408	-28.936
81.37662	183.24198	-28.234
80.38008	182.84418	-27.534
79.63344	182.84418	-26.834
79.88232	183.6408	-26.131
79.38456	183.24198	-25.429
79.38456	184.0386	-24.724
79.13568	183.24198	-24.022
78.6369	183.24198	-23.321
77.89026	181.64874	-22.625
78.88578	179.25888	-21.938
78.88578	176.868	-21.261
78.88578	174.08034	-20.594
78.88578	171.29166	-19.938
78.13914	168.50298	-19.293
77.3925	165.3165	-18.66
77.1426	161.7312	-18.041
76.39596	157.74708	-17.436
75.15054	153.36618	-16.849
74.65278	148.98426	-16.279
72.9096	144.60234	-15.725
72.16296	140.22042	-15.188
71.16642	136.2363	-14.666
69.921	131.45658	-14.163
68.6766	126.67584	-13.677
67.68006	121.0995	-13.214
66.43464	116.31876	-12.768
65.93688	111.53904	-12.341
64.44258	106.7583	-11.932
63.44706	101.57976	-11.543
62.6994	97.19784	-11.171
61.95276	92.41812	-10.817
60.70734	86.84076	-10.485
59.21304	81.2634	-10.173
56.72322	75.68706	-9.883
54.2334	70.50852	-9.613
52.49022	65.72778	-9.362
49.7505	60.15144	-9.131
46.7619	54.9729	-8.921
42.77778	49.79436	-8.73
39.29142	46.60686	-8.552
35.55618	42.62376	-8.388
31.82094	38.64066	-8.24
27.83682	33.85992	-8.111
24.10158	29.478	-7.998
19.3698	26.68932	-7.896
15.38568	24.29946	-7.803
11.15166	22.70622	-7.716
7.16754	20.31636	-7.638
2.68464	18.7221	-7.566
-2.295	16.73106	-7.502
-6.03024	14.739	-7.446
-10.26426	12.34914	-7.398
-14.74614	11.55252	-7.354
-19.7268	10.35708	-7.314
-24.70746	10.35708	-7.275
-29.68812	9.56046	-7.238
-34.91766	8.36502	-7.206
-40.1472	6.77178	-7.18
-45.62562	5.57736	-7.159
-51.10404	5.17854	-7.139
-56.58246	5.57736	-7.118
-61.06536	5.17854	-7.098
-64.8006	3.9831	-7.083
-68.03808	3.9831	-7.067
-71.27454	3.18648	-7.055
-73.5165	2.78868	-7.044
-75.25968	2.38986	-7.035
-77.00286	2.78868	-7.025
-77.7495	0.39882	-7.023
-78.74604	-1.19544	-7.028
-79.74156	-1.59324	-7.034
-80.98698	0	-7.034
-82.2324	0	-7.034
-83.4768	0.79662	-7.031
-85.21998	0	-7.031
-87.46092	-0.39882	-7.032
-90.44952	0.39882	-7.031
-93.18924	-0.39882	-7.032
-95.92794	0.39882	-7.031
-98.91654	-0.39882	-7.032
-101.65524	0	-7.032
-104.14608	0	-7.032
-106.13814	0	-7.032
-106.88478	0	-7.032
-107.38356	0	-7.032
-106.88478	-0.39882	-7.034
-106.13814	0	-7.034
-104.39496	-0.39882	-7.035
-103.14954	-2.38986	-7.044
-100.65972	-5.97516	-7.067
-98.91654	-10.35708	-7.107
-96.42672	-15.53562	-7.166
-94.43364	-20.71416	-7.246
-93.43812	-24.69828	-7.34
-92.69046	-30.27462	-7.456
-92.1927	-36.24978	-7.595
-91.94382	-42.22494	-7.757
-91.19718	-49.79436	-7.948
-91.69494	-57.36276	-8.167
-91.69494	-64.53336	-8.414
-92.94036	-72.10176	-8.69
-93.687	-79.27236	-8.994
-94.93242	-86.84076	-9.327
-96.92448	-95.20578	-9.691
-98.1699	-103.57182	-10.088
-99.66318	-111.93684	-10.517
-100.41084	-119.90406	-10.976
-101.90514	-126.67584	-11.461
-103.8972	-132.2532	-11.967
-105.1416	-136.63512	-12.491
-105.88926	-139.8216	-13.026
-107.38356	-144.20352	-13.578
-108.1302	-148.98426	-14.149
-108.37908	-152.56854	-14.733
-108.87786	-155.75604	-15.33
-109.12674	-158.94252	-15.938
-109.6245	-160.53576	-16.553
-109.37562	-162.52782	-17.176
-109.37562	-165.3165	-17.809
-109.12674	-164.91768	-18.44
-108.87786	-168.50298	-19.086
-108.37908	-170.09622	-19.737
-108.1302	-170.89284	-20.391
-107.88132	-172.4871	-21.052
-107.63244	-173.28372	-21.716
-107.63244	-174.08034	-22.382
-107.88132	-175.27476	-23.054
-108.37908	-176.07138	-23.728
-107.88132	-176.4702	-24.404
-107.88132	-177.66564	-25.084
-108.1302	-177.66564	-25.764
-107.63244	-178.86006	-26.449
-108.1302	-178.86006	-27.134
-108.1302	-179.25888	-27.821
-108.1302	-180.0555	-28.51
-107.13468	-179.65668	-29.198
-106.38702	-181.24992	-29.893
-106.6359	-181.64874	-30.588
-106.6359	-180.4533	-31.279
-106.13814	-180.4533	-31.97
-106.13814	-180.85212	-32.663
-105.64038	-181.64874	-33.359
-104.89272	-182.44536	-34.057
-105.3915	-182.84418	-34.758
-105.3915	-182.44536	-35.456
-105.1416	-182.04756	-36.153
-105.1416	-181.64874	-36.849
-104.89272	-182.04756	-37.546
-104.64384	-182.44536	-38.245
-104.39496	-183.24198	-38.947
-104.14608	-182.84418	-39.647
-104.14608	-182.84418	-40.347
-103.8972	-182.44536	-41.046
-103.39842	-183.24198	-41.748
-102.65178	-183.24198	-42.449
-102.15402	-185.23404	-43.159
-101.40636	-180.4533	-43.85
-101.15748	-182.84418	-44.55
-101.15748	-183.24198	-45.252
-100.65972	-183.24198	-45.954
-100.16196	-183.6408	-46.657
-99.91308	-184.0386	-47.362
-99.4143	-182.84418	-48.062
-99.16542	-182.84418	-48.762
-98.66766	-182.84418	-49.462
-98.1699	-183.24198	-50.164
-97.92	-183.24198	-50.866
-97.17336	-183.24198	-51.568
-97.17336	-183.6408	-52.271
-96.92448	-183.6408	-52.974
-96.42672	-183.6408	-53.677
-95.92794	-183.24198	-54.379
-95.92794	-182.84418	-55.079
-94.93242	-183.24198	-55.781
-94.43364	-183.6408	-56.485
-93.687	-183.6408	-57.188
-93.18924	-183.24198	-57.89
-92.69046	-183.6408	-58.593
-92.1927	-183.24198	-59.295
-91.19718	-183.24198	-59.996
-90.6984	-183.24198	-60.698
-89.70288	-183.6408	-61.401
-89.2041	-183.24198	-62.103
-88.20858	-183.6408	-62.806
-87.71082	-183.24198	-63.508
-87.21204	-183.24198	-64.21
-86.71428	-182.84418	-64.91
-85.21998	-183.6408	-65.613
-84.72222	-184.0386	-66.318
-84.22446	-184.0386	-67.023
-83.4768	-183.24198	-67.725
-82.73016	-182.84418	-68.425
-82.2324	-182.84418	-69.125
-81.9825	-183.24198	-69.827
-81.73362	-183.24198	-70.529
-81.23586	-184.0386	-71.234
-80.48922	-184.43742	-71.94
-81.23586	-183.6408	-72.643
-81.73362	-183.24198	-73.345
-81.48474	-182.84418	-74.045
-82.48128	-182.44536	-74.744
-82.73016	-182.84418	-75.444
-83.22792	-182.04756	-76.141
-83.72568	-180.4533	-76.832
-83.97558	-177.26682	-77.511
-84.22446	-174.47814	-78.179
-85.21998	-170.49504	-78.832
-85.46886	-168.10518	-79.476
-84.9711	-164.91768	-80.108
-84.72222	-162.129	-80.729
-84.22446	-157.74708	-81.333
-84.22446	-153.36618	-81.92
-83.72568	-148.98426	-82.491
-83.4768	-145.00014	-83.046
-83.4768	-140.61822	-83.584
-82.97904	-136.2363	-84.106
-82.73016	-131.05776	-84.608
-82.73016	-126.27804	-85.092
-81.9825	-121.0995	-85.555
-82.48128	-116.31876	-86.001
-81.73362	-111.93684	-86.43
-81.48474	-106.3605	-86.837
-81.73362	-102.37638	-87.229
-81.23586	-97.19784	-87.601
-80.48922	-92.0193	-87.954
-80.23932	-86.84076	-88.286
-80.23932	-81.66222	-88.599
-78.99492	-76.08486	-88.89
-78.49614	-70.50852	-89.16
-77.7495	-65.32998	-89.411
-77.00286	-60.15144	-89.641
-76.00632	-54.57408	-89.85
-74.7609	-50.19216	-90.042
-73.5165	-47.00568	-90.222
-72.27108	-43.02156	-90.387
-71.27454	-38.24184	-90.533
-70.77678	-33.85992	-90.663
-69.78024	-29.478	-90.776
-68.28696	-26.68932	-90.878
-67.5393	-25.09608	-90.974
-67.04154	-22.70622	-91.061
-66.045	-20.71416	-91.141
-64.30182	-18.7221	-91.212
-63.05742	-16.33224	-91.275
-61.56312	-14.739	-91.331
-59.07228	-13.14576	-91.382
-56.83134	-11.95032	-91.427
-54.83928	-11.1537	-91.47
-52.34946	-9.95928	-91.508
-49.60974	-8.76384	-91.542
-46.62114	-7.96722	-91.572
-43.63356	-7.1706	-91.6
-40.64496	-6.37398	-91.624
-37.65636	-5.97516	-91.647
-35.16654	-5.17854	-91.667
-32.17794	-4.77972	-91.685
-30.18588	-4.38192	-91.702
-27.94494	-3.5853	-91.716
-25.4541	-3.18648	-91.728
-21.96876	-3.18648	-91.74
-18.2325	-3.18648	-91.752
-15.4938	-2.38986	-91.761
-12.5052	-0.79662	-91.764
-9.7665	1.19544	-91.76
-6.52902	1.99206	-91.752
-2.04612	1.19544	-91.748
2.18688	-0.39882	-91.749
7.16754	-0.79662	-91.752
13.6425	-0.39882	-91.754
20.36532	0	-91.754
27.33804	0.79662	-91.751
33.56412	0.39882	-91.749
38.54478	0	-91.749
43.27554	0	-91.749
47.26068	0	-91.749
49.99938	0.39882	-91.748
52.98798	0.79662	-91.745
55.22892	0.39882	-91.743
57.22098	0	-91.743
59.9607	0	-91.743
61.95276	0.39882	-91.742
64.44258	0.79662	-91.739
66.43464	3.9831	-91.723
68.92548	8.36502	-91.691
71.16642	13.54356	-91.639
71.4153	18.3243	-91.569
71.91408	21.51078	-91.487
72.9096	23.10402	-91.398
72.41184	25.09608	-91.302
73.15848	26.29152	-91.202
73.40736	29.87682	-91.087
73.15848	35.85198	-90.95
73.65726	41.82714	-90.79
73.15848	47.8023	-90.607
73.15848	53.37966	-90.402
73.15848	58.956	-90.176
72.66072	64.93116	-89.928
73.40736	72.10176	-89.652
73.90614	79.27236	-89.348
75.39942	87.23958	-89.014
76.89372	95.20578	-88.649
78.6369	102.7752	-88.256
81.37662	110.3436	-87.833
83.61756	117.912	-87.382
85.60962	125.0826	-86.903
88.8471	131.05776	-86.401
91.8357	136.63512	-85.877
94.32552	140.61822	-85.339
97.31412	144.20352	-84.787
100.05282	148.18662	-84.219
102.0459	152.17074	-83.636
103.04142	154.95942	-83.043
105.53226	158.1459	-82.437
107.02554	160.13796	-81.824
108.27096	162.52782	-81.202
109.51638	164.51988	-80.571
111.50844	166.11312	-79.935
112.75386	167.70636	-79.293
113.99826	169.69842	-78.643
113.99826	171.29166	-77.987
114.9948	172.4871	-77.327
115.99032	173.28372	-76.663
116.73798	173.68152	-75.998
117.48462	174.47814	-75.33
118.23228	175.67358	-74.657
119.47668	177.26682	-73.978
120.47322	177.66564	-73.298
121.71864	178.06344	-72.616
122.2164	178.86006	-71.931
122.71416	178.46226	-71.247
123.7107	179.25888	-70.561
123.95958	179.65668	-69.873
124.20846	180.4533	-69.182
125.205	180.4533	-68.491
125.95164	180.85212	-67.798
126.69828	180.85212	-67.105
127.44594	181.24992	-66.411
127.69482	182.04756	-65.714
127.9437	181.24992	-65.02
128.69136	182.04756	-64.323
128.94024	182.04756	-63.626
129.438	182.04756	-62.928
129.93576	182.04756	-62.231
130.18464	182.44536	-61.533
130.18464	182.84418	-60.832
129.68688	182.44536	-60.134
128.94024	182.84418	-59.433
128.69136	182.84418	-58.733
127.9437	182.84418	-58.033
127.44594	182.44536	-57.334
127.69482	182.84418	-56.634
128.19258	182.84418	-55.934
128.44146	183.24198	-55.232
128.69136	182.84418	-54.532
128.69136	182.84418	-53.832
128.19258	183.6408	-53.128
127.69482	183.6408	-52.425
127.69482	182.84418	-51.725
127.44594	183.24198	-51.023
126.69828	183.24198	-50.321
125.95164	183.24198	-49.62
125.45388	182.84418	-48.919
124.45734	183.6408	-48.216
122.46528	183.24198	-47.514
121.21986	185.23404	-46.805
119.72658	180.85212	-46.112
118.73004	183.24198	-45.411
117.9834	183.6408	-44.707
117.23574	183.6408	-44.004
116.4891	183.6408	-43.301
115.99032	183.24198	-42.599
115.24368	182.84418	-41.899
113.5005	183.24198	-41.197
112.50396	183.24198	-40.495
111.75732	183.24198	-39.793
110.5119	184.0386	-39.089
109.76526	183.6408	-38.385
108.27096	183.24198	-37.684
107.02554	183.24198	-36.982
105.53226	183.24198	-36.28
103.78908	183.24198	-35.578
101.796	183.6408	-34.875
100.5516	183.24198	-34.173
98.55954	183.6408	-33.47
97.06524	183.24198	-32.768
95.57094	183.24198	-32.067
93.82776	183.24198	-31.365
92.33346	183.24198	-30.663
90.59028	183.6408	-29.96
88.10046	183.24198	-29.258
86.1084	183.6408	-28.555
84.36522	183.6408	-27.851
82.37214	183.24198	-27.15
82.12326	182.84418	-26.449
80.87886	183.24198	-25.748
80.38008	183.6408	-25.044
79.88232	183.24198	-24.343
79.63344	183.24198	-23.641
78.88578	182.84418	-22.941
78.38802	180.85212	-22.248
78.88578	177.66564	-21.568
79.13568	175.27476	-20.896
79.13568	172.8849	-20.234
78.38802	170.09622	-19.583
77.89026	166.90974	-18.944
77.3925	163.32444	-18.318
76.39596	160.13796	-17.705
75.15054	155.75604	-17.108
74.15502	150.9753	-16.53
72.9096	146.9922	-15.967
72.16296	142.21146	-15.423
71.16642	138.62616	-14.892
70.1709	133.44762	-14.381
69.17436	128.6679	-13.888
67.92894	123.88716	-13.414
66.93342	118.70862	-12.959
65.19024	114.3267	-12.521
64.44258	108.75036	-12.105
63.44706	103.96962	-11.706
62.45052	98.39328	-11.33
61.70388	93.21474	-10.973
60.70734	88.434	-10.634
59.46192	83.65428	-10.314
57.22098	78.87354	-10.012
54.73116	73.2972	-9.731
53.23686	67.71984	-9.472
51.2448	62.14248	-9.234
48.75396	56.96394	-9.015
45.2676	51.7854	-8.817
42.03114	47.8023	-8.634
38.54478	44.61582	-8.463
35.3073	41.03052	-8.306
31.57206	35.85198	-8.169
29.08122	31.86786	-8.047
25.34598	27.48594	-7.941
21.36186	25.09608	-7.845
17.8755	23.50284	-7.755
14.8869	21.11298	-7.674
11.15166	19.91754	-7.598
7.6653	17.52768	-7.531
4.9266	15.53562	-7.472
1.68912	13.94238	-7.418
-1.29948	11.95032	-7.372
-4.78584	10.7559	-7.331
-8.76996	10.35708	-7.292
-12.5052	9.56046	-7.255
-16.73922	8.76384	-7.221
-20.72334	7.5684	-7.192
-25.704	6.77178	-7.166
-30.43476	5.57736	-7.145
-35.6643	5.17854	-7.125
-40.64496	5.57736	-7.104
-44.13132	4.38192	-7.087
-47.61768	3.9831	-7.072
-51.85068	3.18648	-7.06
-55.33704	3.18648	-7.047
-58.07676	2.38986	-7.038
-60.56658	2.78868	-7.028
-62.30976	1.99206	-7.02
-63.55518	0	-7.02
-65.29836	-1.59324	-7.026
-66.79266	-1.19544	-7.031
-67.78818	0	-7.031
-69.0336	0	-7.031
-70.77678	0.39882	-7.029
-72.51996	0	-7.029
-74.01426	0	-7.029
-75.50856	0	-7.029
-76.2552	0	-7.029
-77.25174	0	-7.029
-77.99838	0	-7.029
-79.2438	0	-7.029
-78.99492	-1.19544	-7.034
-79.74156	-3.5853	-7.047
-79.49268	-8.36502	-7.079
-78.24726	-13.54356	-7.131
-78.24726	-18.3243	-7.202
-77.50062	-22.70622	-7.288
-77.25174	-27.48594	-7.394
-76.2552	-33.0633	-7.52
-76.00632	-39.43728	-7.671
-75.00978	-45.81024	-7.847
-74.51202	-53.77746	-8.053
-74.26314	-60.94806	-8.286
-74.01426	-68.51646	-8.549
-74.26314	-74.89044	-8.835
-74.7609	-82.85766	-9.153
-75.75744	-91.22268	-9.502
-77.25174	-99.5877	-9.883
-79.49268	-107.55492	-10.295
-80.98698	-115.92096	-10.739
-82.48128	-123.09054	-11.211
-85.46886	-129.46452	-11.706
-87.21204	-134.64306	-12.222
-89.454	-138.62616	-12.753
-90.6984	-142.21146	-13.298
-92.69046	-146.9922	-13.861
-93.43812	-150.5775	-14.437
-94.18476	-154.1628	-15.028
-94.43364	-157.34928	-15.63
-94.18476	-159.73914	-16.242
-94.68354	-161.7312	-16.861
-94.43364	-163.32444	-17.487
-94.18476	-165.7143	-18.121
-93.93588	-167.30754	-18.762
-93.93588	-168.9018	-19.409
-93.687	-170.49504	-20.062
-94.43364	-171.29166	-20.718
-94.43364	-172.4871	-21.378
-95.1813	-174.08034	-22.045
-95.67906	-175.27476	-22.716
-96.42672	-175.67358	-23.389
-96.92448	-176.07138	-24.063
-96.6756	-177.26682	-24.742
-97.17336	-177.66564	-25.423
-97.67112	-178.06344	-26.105
-97.92	-178.86006	-26.79
-97.67112	-179.25888	-27.476
-97.92	-179.65668	-28.164
-98.1699	-180.0555	-28.854
-97.92	-180.4533	-29.545
-97.42224	-180.4533	-30.236
-97.17336	-181.24992	-30.93
-96.92448	-180.85212	-31.623
-97.17336	-181.24992	-32.317
-97.42224	-181.24992	-33.011
-97.17336	-181.64874	-33.706
-97.42224	-182.04756	-34.404
-97.67112	-182.84418	-35.104
-97.42224	-182.84418	-35.804
-97.42224	-182.44536	-36.503
-97.42224	-181.24992	-37.197
-97.92	-182.04756	-37.894
-97.42224	-182.44536	-38.593
-97.17336	-182.84418	-39.293
-97.17336	-183.6408	-39.996
-97.17336	-183.6408	-40.7
-96.6756	-182.84418	-41.4
-96.17682	-182.44536	-42.099
-95.92794	-182.44536	-42.797
-95.1813	-182.84418	-43.497
-94.93242	-183.24198	-44.199
-95.1813	-183.6408	-44.903
-94.93242	-183.24198	-45.604
-94.93242	-182.84418	-46.305
-94.68354	-183.24198	-47.006
-94.93242	-183.24198	-47.708
-94.18476	-183.6408	-48.411
-94.43364	-182.84418	-49.112
-93.93588	-183.24198	-49.813
-93.93588	-183.24198	-50.515
-93.43812	-183.24198	-51.217
-93.18924	-183.6408	-51.92
-92.94036	-183.24198	-52.622
-92.44158	-183.6408	-53.325
-91.94382	-183.24198	-54.027
-91.44606	-183.6408	-54.73
-91.19718	-183.24198	-55.432
-90.94728	-182.84418	-56.132
-90.20064	-183.24198	-56.834
-90.20064	-183.6408	-57.537
-89.70288	-183.24198	-58.239
-89.2041	-184.0386	-58.944
-88.70634	-183.6408	-59.647
-88.20858	-183.6408	-60.35
-87.46092	-182.84418	-61.05
-87.46092	-182.84418	-61.751
-86.96316	-182.84418	-62.451
-85.96764	-183.24198	-63.153
-85.21998	-184.0386	-63.858
-84.22446	-184.43742	-64.564
-83.4768	-183.6408	-65.267
-82.97904	-183.24198	-65.969
-82.73016	-182.84418	-66.669
-81.9825	-182.84418	-67.369
-81.23586	-182.84418	-68.07
-80.48922	-184.0386	-68.774
-79.74156	-184.0386	-69.479
-79.2438	-184.0386	-70.184
-78.74604	-183.24198	-70.886
-78.99492	-183.24198	-71.587
-78.74604	-182.84418	-72.288
-79.2438	-182.84418	-72.988
-79.49268	-183.6408	-73.691
-79.49268	-183.6408	-74.395
-79.99044	-184.0386	-75.099
-80.48922	-182.44536	-75.798
-81.48474	-180.0555	-76.488
-82.2324	-177.66564	-77.168
-81.9825	-175.67358	-77.841
-81.9825	-173.28372	-78.504
-82.48128	-170.09622	-79.156
-82.73016	-167.30754	-79.796
-82.73016	-163.32444	-80.422
-82.48128	-159.34134	-81.032
-82.97904	-155.35722	-81.627
-82.73016	-151.37412	-82.207
-82.2324	-146.9922	-82.77
-81.73362	-143.00808	-83.317
-82.2324	-138.62616	-83.848
-81.9825	-133.44762	-84.359
-81.48474	-128.6679	-84.852
-81.48474	-123.48936	-85.325
-81.23586	-119.10744	-85.781
-80.7381	-113.9289	-86.218
-81.23586	-109.14816	-86.636
-81.23586	-104.36844	-87.035
-82.2324	-99.5877	-87.417
-81.73362	-94.80798	-87.78
-82.2324	-89.23062	-88.121
-81.73362	-84.4509	-88.445
-81.73362	-78.87354	-88.747
-80.7381	-73.695	-89.029
-80.7381	-67.71984	-89.288
-79.99044	-62.94012	-89.53
-78.99492	-56.96394	-89.748
-77.7495	-52.58202	-89.949
-76.2552	-48.20112	-90.134
-74.51202	-45.01362	-90.306
-72.51996	-41.03052	-90.463
-71.27454	-35.85198	-90.6
-69.28248	-31.47006	-90.721
-67.04154	-28.28256	-90.829
-65.29836	-25.4949	-90.927
-64.05294	-23.90064	-91.018
-62.80854	-21.9096	-91.102
-61.56312	-19.51974	-91.177
-60.81546	-17.12886	-91.243
-61.06536	-15.53562	-91.302
-61.31424	-13.54356	-91.354
-62.55864	-12.74694	-91.403
-63.05742	-11.95032	-91.449
-64.05294	-10.35708	-91.488
-64.30182	-9.56046	-91.525
-64.8006	-8.36502	-91.557
-63.80406	-7.96722	-91.587
-62.06088	-6.77178	-91.613
-60.06882	-6.37398	-91.638
-57.82788	-5.97516	-91.661
-54.5904	-5.17854	-91.681
-52.34946	-4.38192	-91.697
-49.36086	-3.9831	-91.713
-46.12338	-3.5853	-91.726
-43.13478	-2.78868	-91.737
-39.15066	-3.18648	-91.749
-35.91318	-2.78868	-91.76
-32.9256	-1.59324	-91.766
-30.18588	0.39882	-91.764
-27.69606	1.59324	-91.758
-24.70746	1.19544	-91.754
-22.46652	0	-91.754
-19.7268	0	-91.754
-16.48932	-0.39882	-91.755
-13.9995	0	-91.755
-11.25978	0	-91.755
-7.77342	0	-91.755
-5.03472	0	-91.755
-1.29948	0	-91.755
2.43576	0.39882	-91.754
6.66978	0	-91.754
11.15166	0	-91.754
16.63008	0	-91.754
21.85962	0	-91.754
27.33804	0.39882	-91.752
33.813	0	-91.752
38.79366	0.39882	-91.751
44.27208	0	-91.751
48.2562	0.39882	-91.749
51.99144	0.39882	-91.748
55.72668	0.39882	-91.746
59.21304	0	-91.746
61.70388	0.39882	-91.745
62.94828	0	-91.745
64.44258	0	-91.745
64.69146	0	-91.745
64.69146	0	-91.745
65.43912	0.39882	-91.743
65.688	0.39882	-91.742
65.19024	2.38986	-91.732
65.43912	5.97516	-91.71
65.688	10.7559	-91.668
65.43912	16.33224	-91.606
65.93688	20.71416	-91.526
65.688	25.09608	-91.43
65.43912	29.87682	-91.316
65.688	35.85198	-91.179
65.43912	43.02156	-91.014
66.43464	50.59098	-90.82
67.92894	57.36276	-90.6
69.42324	64.53336	-90.353
71.66418	71.70294	-90.079
73.90614	78.87354	-89.777
76.39596	86.44296	-89.446
79.38456	93.21474	-89.089
81.6255	98.39328	-88.712
84.36522	103.57182	-88.315
87.10392	107.15712	-87.905
90.09252	110.3436	-87.482
92.83122	113.9289	-87.046
95.57094	117.5142	-86.596
98.30964	120.30288	-86.135
100.80048	123.09054	-85.664
103.78908	125.48142	-85.183
106.03002	127.47246	-84.695
108.02208	129.86334	-84.198
109.2675	131.45658	-83.694
110.5119	132.651	-83.186
111.50844	133.84644	-82.674
113.00274	134.24526	-82.16
113.99826	135.43968	-81.641
114.74592	137.82954	-81.113
115.49256	139.02498	-80.581
116.24022	139.4238	-80.047
117.7335	139.8216	-79.511
118.73004	139.8216	-78.976
119.97546	140.61822	-78.437
121.21986	143.4069	-77.888
122.2164	140.61822	-77.35
122.96304	143.00808	-76.802
124.45734	143.4069	-76.253
125.45388	143.00808	-75.705
126.69828	143.80572	-75.154
127.9437	143.4069	-74.605
129.93576	144.20352	-74.053
131.92782	145.00014	-73.497
133.42212	145.00014	-72.942
134.91642	145.00014	-72.387
136.41072	145.39896	-71.83
137.15736	145.39896	-71.273
137.90502	145.39896	-70.716
138.90054	145.39896	-70.16
140.14596	146.19558	-69.6
140.39484	145.79676	-69.041
140.64372	145.79676	-68.483
141.64026	145.79676	-67.925
142.3869	145.39896	-67.368
142.3869	146.19558	-66.808
142.63578	146.59338	-66.247
142.13802	146.59338	-65.685
142.13802	146.59338	-65.124
142.3869	146.19558	-64.564
142.3869	145.79676	-64.005
142.13802	146.19558	-63.446
142.3869	146.59338	-62.884
142.88568	146.19558	-62.324
142.63578	146.9922	-61.761
142.88568	146.59338	-61.2
142.88568	146.19558	-60.64
143.63232	146.59338	-60.079
143.63232	146.9922	-59.516
143.13456	146.59338	-58.954
142.88568	146.59338	-58.393
142.3869	146.19558	-57.833
142.88568	146.59338	-57.272
142.63578	146.59338	-56.71
142.88568	146.9922	-56.147
142.88568	147.78882	-55.581
142.88568	145.39896	-55.025
143.13456	146.59338	-54.463
143.63232	146.9922	-53.9
143.13456	146.9922	-53.337
142.63578	146.9922	-52.774
142.3869	146.59338	-52.213
142.3869	146.59338	-51.652
141.88914	146.19558	-51.092
141.1425	146.59338	-50.53
140.64372	146.59338	-49.969
139.89708	147.39	-49.404
138.90054	146.59338	-48.843
138.40278	146.9922	-48.28
137.90502	146.59338	-47.719
137.40624	146.59338	-47.157
136.90848	146.59338	-46.596
135.66408	146.19558	-46.036
135.1653	146.9922	-45.473
134.66754	146.9922	-44.91
133.671	146.9922	-44.347
133.42212	146.59338	-43.786
132.4266	146.19558	-43.226
132.17772	146.59338	-42.665
130.9323	146.9922	-42.102
130.18464	146.9922	-41.539
128.94024	147.39	-40.974
127.44594	146.59338	-40.413
126.4494	146.19558	-39.853
125.70276	147.39	-39.288
124.70622	145.39896	-38.732
123.46182	146.9922	-38.169
122.46528	146.9922	-37.606
120.97098	146.9922	-37.043
119.97546	146.59338	-36.481
119.2278	146.59338	-35.92
117.7335	146.59338	-35.359
116.24022	146.9922	-34.796
114.49704	146.59338	-34.234
113.5005	146.59338	-33.673
112.25508	146.9922	-33.11
111.25956	146.19558	-32.55
109.76526	146.9922	-31.987
109.0176	146.59338	-31.426
107.27442	146.9922	-30.863
105.78114	146.59338	-30.301
104.7846	146.9922	-29.739
103.53918	146.59338	-29.177
101.54712	146.19558	-28.617
100.05282	146.9922	-28.054
98.80842	146.59338	-27.493
97.81188	146.59338	-26.932
96.0687	146.9922	-26.369
95.32206	146.59338	-25.807
94.07664	146.59338	-25.246
92.33346	146.59338	-24.684
91.33692	146.9922	-24.121
89.59476	146.9922	-23.559
87.85158	146.59338	-22.997
85.8585	147.39	-22.433
84.6141	145.79676	-21.874
83.86644	146.19558	-21.314
83.36868	147.39	-20.75
82.87092	146.19558	-20.19
82.87092	147.39	-19.626
82.62204	146.59338	-19.064
82.87092	146.59338	-18.503
82.87092	145.39896	-17.946
82.87092	144.20352	-17.394
83.1198	141.01704	-16.854
83.1198	138.62616	-16.323
83.1198	136.2363	-15.801
82.87092	133.04982	-15.292
82.87092	129.46452	-14.796
82.87092	126.27804	-14.312
82.37214	123.09054	-13.841
81.6255	118.70862	-13.386
81.37662	113.9289	-12.95
80.62896	109.94478	-12.529
79.38456	105.56388	-12.124
78.88578	101.18196	-11.737
78.38802	97.19784	-11.365
77.64138	92.41812	-11.011
77.3925	88.0362	-10.674
77.3925	83.25546	-10.355
76.39596	77.67912	-10.057
75.8982	73.2972	-9.777
74.90166	68.11866	-9.516
74.65278	62.94012	-9.275
74.15502	58.15938	-9.052
73.90614	52.98084	-8.849
72.9096	48.20112	-8.665
72.41184	45.01362	-8.492
70.91754	41.03052	-8.335
69.67212	37.0464	-8.193
68.6766	33.0633	-8.067
68.17782	28.68138	-7.957
66.93342	25.8927	-7.858
65.688	23.90064	-7.766
65.19024	21.9096	-7.682
64.1937	19.91754	-7.606
62.6994	17.92548	-7.537
61.95276	15.93444	-7.476
61.2051	13.94238	-7.423
60.45846	12.74694	-7.374
59.9607	11.95032	-7.328
59.71182	10.35708	-7.288
58.4664	9.56046	-7.252
58.21752	8.76384	-7.218
57.96864	7.96722	-7.188
56.9721	6.77178	-7.162
56.9721	5.97516	-7.139
56.22546	5.97516	-7.116
55.4778	5.17854	-7.096
54.98004	4.77972	-7.078
54.2334	3.9831	-7.063
54.2334	3.9831	-7.047
53.23686	3.18648	-7.035
52.24032	2.78868	-7.025
50.99592	2.78868	-7.014
49.50162	2.38986	-7.005
48.50508	1.19544	-7
47.01078	-0.79662	-7.003
46.26414	-1.59324	-7.009
45.01872	-0.39882	-7.011
44.52096	0	-7.011
43.27554	0.39882	-7.009
42.77778	0.39882	-7.008
42.28002	-0.39882	-7.009
41.78226	0	-7.009
41.28348	0	-7.009
40.53684	0	-7.009
40.53684	0	-7.009
39.5403	0	-7.009
38.54478	0	-7.009
37.05048	0	-7.009
36.05394	0	-7.009
34.31076	0	-7.009
32.06982	0	-7.009
30.32664	0	-7.009
28.83234	0	-7.009
26.09364	0	-7.009
23.85168	0	-7.009
21.85962	-0.39882	-7.011
18.62214	0	-7.011
15.13578	0	-7.011
12.39708	0	-7.011
9.40848	0	-7.011
7.16754	0	-7.011
4.67772	-0.39882	-7.012
1.938	0	-7.012
0.19482	0	-7.012
-1.0506	-0.39882	-7.014
-2.79378	0	-7.014
-3.7893	-0.39882	-7.015
-5.03472	0	-7.015
-5.78136	0	-7.015
-6.7779	0	-7.015
-7.02678	0	-7.015
-8.2722	0	-7.015
-8.52108	0	-7.015
-9.01884	0	-7.015
-9.7665	0	-7.015
-11.0109	-1.19544	-7.02
-11.75856	-2.38986	-7.029
-12.25632	-3.5853	-7.043
-13.50174	-4.77972	-7.061
-14.49726	-5.97516	-7.084
-15.4938	-7.96722	-7.115
-16.24044	-8.76384	-7.148
-17.23698	-10.35708	-7.188
-17.48586	-11.55252	-7.232
-18.2325	-13.14576	-7.282
-18.98016	-14.34018	-7.337
-19.97568	-15.53562	-7.397
-20.22558	-16.73106	-7.461
-20.22558	-17.92548	-7.53
-20.47446	-18.7221	-7.601
-20.72334	-20.31636	-7.679
-20.72334	-21.11298	-7.76
-20.47446	-22.70622	-7.847
-20.22558	-23.10402	-7.935
-20.22558	-24.69828	-8.03
-20.47446	-25.4949	-8.128
-20.72334	-26.29152	-8.228
-20.72334	-27.48594	-8.333
-20.97222	-28.28256	-8.442
-21.46998	-29.478	-8.555
-21.71886	-30.27462	-8.671
-22.7154	-31.47006	-8.791
-22.7154	-32.26668	-8.915
-23.46204	-32.66448	-9.04
-24.45858	-34.25874	-9.171
-24.70746	-35.05536	-9.305
-24.70746	-35.45316	-9.441
-24.45858	-36.6486	-9.581
-24.95634	-37.0464	-9.723
-24.2097	-38.24184	-9.87
-23.96082	-38.24184	-10.016
-23.46204	-39.43728	-10.167
-22.21764	-40.6317	-10.323
-21.71886	-41.03052	-10.48
-20.72334	-41.82714	-10.64
-20.22558	-42.62376	-10.803
-19.7268	-42.62376	-10.967
-18.73128	-43.02156	-11.131
-18.73128	-44.217	-11.301
-18.4824	-45.41244	-11.475
-17.98362	-45.81024	-11.65
-17.98362	-46.20906	-11.827
-17.73474	-46.20906	-12.004
-17.48586	-47.40348	-12.186
-17.48586	-48.20112	-12.37
-17.23698	-48.59892	-12.556
-17.23698	-48.99774	-12.744
-17.48586	-49.79436	-12.935
-16.9881	-50.19216	-13.127
-17.23698	-50.59098	-13.321
-16.73922	-51.3876	-13.517
-16.9881	-51.3876	-13.714
-16.24044	-52.58202	-13.915
-15.99156	-52.58202	-14.117
-15.74268	-53.37966	-14.321
-14.49726	-53.37966	-14.526
-14.49726	-54.17628	-14.733
-13.25286	-54.57408	-14.942
-12.5052	-54.9729	-15.153
-12.00744	-54.9729	-15.363
-11.0109	-56.16732	-15.578
-11.0109	-56.56614	-15.795
-10.51314	-56.56614	-16.012
-9.5166	-56.56614	-16.228
-9.5166	-57.36276	-16.448
-9.26772	-57.36276	-16.668
-8.76996	-58.5582	-16.892
-8.52108	-58.5582	-17.116
-8.2722	-58.956	-17.342
-8.02332	-59.35482	-17.569
-7.77342	-59.35482	-17.796
-7.77342	-59.75262	-18.025
-7.77342	-60.15144	-18.256
-7.52454	-60.54924	-18.488
-7.27566	-60.94806	-18.721
-7.02678	-60.94806	-18.954
-7.52454	-61.74468	-19.191
-7.02678	-61.74468	-19.427
-6.28014	-62.14248	-19.665
-5.78136	-62.14248	-19.903
-5.03472	-62.94012	-20.144
-4.53696	-62.94012	-20.385
-3.54042	-62.94012	-20.626
-2.79378	-63.73674	-20.87
-1.54836	-63.33792	-21.113
-0.05406	-63.73674	-21.357
0.69258	-64.13454	-21.603
2.18688	-64.53336	-21.85
2.93454	-64.53336	-22.097
3.68118	-65.32998	-22.347
3.68118	-64.93116	-22.596
3.4323	-65.32998	-22.846
2.68464	-65.72778	-23.098
2.43576	-65.72778	-23.35
1.44024	-65.72778	-23.601
0.94146	-66.1266	-23.854
0.4437	-66.5244	-24.109
-0.30294	-66.92322	-24.366
-0.80172	-66.92322	-24.622
-0.55182	-66.92322	-24.878
-1.0506	-66.92322	-25.134
-1.0506	-67.71984	-25.394
-0.55182	-68.11866	-25.655
-0.55182	-67.32204	-25.912
0.69258	-67.71984	-26.172
0.94146	-68.11866	-26.433
1.68912	-68.11866	-26.694
2.43576	-68.91528	-26.957
3.18342	-68.91528	-27.221
3.93006	-68.11866	-27.482
4.17894	-68.51646	-27.745
3.93006	-69.31308	-28.01
3.68118	-68.91528	-28.274
3.4323	-69.31308	-28.539
3.4323	-69.7119	-28.806
2.43576	-69.31308	-29.072
2.43576	-69.7119	-29.339
1.68912	-70.1097	-29.607
0.69258	-70.1097	-29.876
0.4437	-70.1097	-30.144
-0.30294	-70.1097	-30.413
-0.80172	-70.50852	-30.683
-1.0506	-70.50852	-30.953
-1.79724	-70.90632	-31.224
-2.04612	-70.50852	-31.494
-1.79724	-70.90632	-31.766
-2.5449	-70.90632	-32.038
-2.5449	-71.30514	-32.311
-2.295	-71.30514	-32.584
-2.295	-71.30514	-32.857
-2.295	-70.90632	-33.128
-2.5449	-71.70294	-33.403
-2.04612	-71.30514	-33.676
-2.295	-72.10176	-33.952
-1.79724	-72.10176	-34.228
-2.04612	-72.10176	-34.504
-2.295	-71.30514	-34.777
-2.79378	-71.70294	-35.052
-2.295	-72.50058	-35.33
-2.79378	-72.10176	-35.606
-3.04266	-72.50058	-35.883
-3.29154	-72.50058	-36.161
-3.04266	-72.50058	-36.439
-3.7893	-72.89838	-36.718
-3.7893	-71.70294	-36.993
-4.28808	-72.50058	-37.27
-4.53696	-72.89838	-37.549
-4.53696	-73.2972	-37.83
-4.78584	-73.2972	-38.111
-5.03472	-72.89838	-38.39
-4.53696	-72.89838	-38.669
-5.03472	-72.89838	-38.948
-4.53696	-73.2972	-39.229
-4.03818	-73.2972	-39.51
-4.78584	-73.2972	-39.79
-4.78584	-73.695	-40.073
-5.03472	-73.695	-40.355
-4.78584	-73.2972	-40.636
-4.78584	-72.89838	-40.915
-4.03818	-73.695	-41.197
-3.7893	-73.695	-41.479
-4.03818	-73.695	-41.761
-3.7893	-74.09382	-42.045
-3.29154	-73.695	-42.327
-3.7893	-74.09382	-42.611
-3.04266	-73.695	-42.893
-2.79378	-73.695	-43.176
-3.04266	-74.09382	-43.459
-2.79378	-74.09382	-43.743
-2.5449	-74.09382	-44.027
-2.295	-74.49162	-44.312
-2.04612	-74.49162	-44.597
-1.29948	-74.09382	-44.881
-1.29948	-74.09382	-45.165
-0.80172	-74.09382	-45.449
-0.55182	-74.49162	-45.734
-0.05406	-74.49162	-46.019
-0.05406	-74.89044	-46.306
0.4437	-74.49162	-46.591
0.4437	-74.49162	-46.877
0.94146	-74.49162	-47.162
1.44024	-74.49162	-47.447
2.18688	-74.49162	-47.732
2.18688	-74.49162	-48.018
2.93454	-74.89044	-48.305
2.93454	-74.89044	-48.591
2.93454	-74.89044	-48.878
3.68118	-74.49162	-49.163
3.68118	-74.89044	-49.45
3.93006	-74.89044	-49.737
4.42782	-74.89044	-50.024
4.17894	-75.28824	-50.312
4.42782	-74.89044	-50.599
4.67772	-74.49162	-50.884
5.17548	-75.28824	-51.173
5.17548	-75.28824	-51.461
5.17548	-74.89044	-51.748
4.9266	-75.28824	-52.036
5.17548	-75.28824	-52.324
4.42782	-76.08486	-52.616
4.67772	-74.49162	-52.901
4.17894	-74.89044	-53.188
4.42782	-74.89044	-53.475
4.42782	-75.28824	-53.763
3.93006	-75.68706	-54.053
3.4323	-75.68706	-54.343
3.4323	-74.89044	-54.629
2.43576	-75.28824	-54.918
1.938	-75.28824	-55.206
2.18688	-75.28824	-55.494
2.18688	-74.89044	-55.781
1.68912	-74.89044	-56.068
1.44024	-74.49162	-56.353
0.4437	-73.695	-56.636
-0.05406	-72.50058	-56.913
0.19482	-71.70294	-57.188
0.94146	-70.90632	-57.459
1.44024	-70.50852	-57.729
0.94146	-69.7119	-57.996
-0.55182	-68.51646	-58.259
-1.29948	-66.5244	-58.514
-1.79724	-65.72778	-58.765
-1.29948	-66.5244	-59.02
-0.55182	-67.71984	-59.279
-0.80172	-66.92322	-59.536
-0.80172	-64.93116	-59.784
-1.54836	-61.34586	-60.019
-2.04612	-58.956	-60.245
-2.5449	-57.36276	-60.465
-1.79724	-57.76158	-60.686
-1.79724	-57.76158	-60.907
-1.0506	-57.76158	-61.128
-1.0506	-56.16732	-61.343
-1.54836	-54.17628	-61.551
-2.04612	-51.7854	-61.749
-2.295	-50.19216	-61.941
-2.04612	-49.39554	-62.131
-1.54836	-50.19216	-62.323
-1.29948	-49.79436	-62.514
-1.29948	-48.99774	-62.701
-1.54836	-47.40348	-62.883
-2.295	-45.01362	-63.055
-2.79378	-43.42038	-63.221
-2.79378	-43.02156	-63.386
-1.79724	-43.42038	-63.552
-1.54836	-43.42038	-63.719
-1.79724	-42.22494	-63.88
-1.79724	-41.42832	-64.039
-2.04612	-39.43728	-64.19
-2.04612	-37.84302	-64.335
-2.04612	-37.44522	-64.478
-1.79724	-37.0464	-64.62
-1.54836	-37.44522	-64.764
-1.79724	-37.0464	-64.906
-2.04612	-35.85198	-65.043
-2.79378	-34.25874	-65.174
-2.5449	-33.0633	-65.301
-3.29154	-32.26668	-65.424
-3.29154	-32.66448	-65.549
-3.04266	-32.26668	-65.673
-3.04266	-32.26668	-65.796
-3.04266	-31.07124	-65.915
-3.54042	-29.87682	-66.03
-3.54042	-28.68138	-66.14
-3.7893	-28.28256	-66.248
-4.03818	-28.28256	-66.356
-3.54042	-27.88476	-66.463
-3.7893	-27.88476	-66.57
-3.7893	-27.08814	-66.674
-3.54042	-25.8927	-66.773
-3.7893	-25.4949	-66.87
-4.28808	-24.29946	-66.964
-4.53696	-24.29946	-67.057
-4.28808	-24.29946	-67.15
-3.54042	-23.90064	-67.241
-3.7893	-23.90064	-67.333
-3.7893	-22.70622	-67.42
-4.28808	-21.9096	-67.504
-4.28808	-21.11298	-67.584
-4.53696	-21.11298	-67.665
-4.03818	-20.71416	-67.745
-4.53696	-21.11298	-67.825
-4.53696	-21.11298	-67.906
-4.53696	-19.51974	-67.981
-4.78584	-19.12092	-68.054
-4.28808	-18.3243	-68.124
-4.78584	-18.3243	-68.195
-4.28808	-18.3243	-68.265
-4.53696	-18.3243	-68.335
-4.28808	-17.52768	-68.402
-4.53696	-17.52768	-68.469
-4.53696	-16.33224	-68.532
-4.53696	-16.33224	-68.594
-4.53696	-15.53562	-68.654
-4.53696	-15.93444	-68.715
-4.28808	-15.93444	-68.776
-4.28808	-15.53562	-68.835
-4.03818	-14.739	-68.892
-4.28808	-14.739	-68.948
-4.03818	-13.94238	-69.002
-4.03818	-13.54356	-69.054
-3.54042	-13.94238	-69.107
-4.03818	-13.54356	-69.159
-3.29154	-13.54356	-69.211
-3.54042	-13.14576	-69.261
-3.54042	-12.34914	-69.308
-3.7893	-11.95032	-69.354
-3.29154	-11.95032	-69.4
-3.7893	-11.55252	-69.444
-3.7893	-11.95032	-69.49
-3.04266	-11.95032	-69.536
-3.04266	-11.55252	-69.58
-3.29154	-11.1537	-69.623
-3.29154	-10.7559	-69.664
-3.29154	-10.35708	-69.703
-3.7893	-9.95928	-69.742
-3.54042	-9.95928	-69.78
-3.29154	-9.95928	-69.818
-3.04266	-10.35708	-69.858
-3.29154	-9.95928	-69.896
-3.29154	-9.16164	-69.931
-3.04266	-9.16164	-69.966
-3.04266	-8.36502	-69.998
-3.29154	-8.76384	-70.031
-3.29154	-8.76384	-70.065
-2.79378	-8.76384	-70.099
-2.79378	-8.76384	-70.132
-2.79378	-7.96722	-70.163
-3.29154	-7.96722	-70.193
-3.04266	-7.5684	-70.222
-3.04266	-7.5684	-70.251
-3.04266	-7.1706	-70.279
-3.04266	-7.5684	-70.308
-3.04266	-7.5684	-70.337
-3.04266	-7.1706	-70.364
-3.04266	-7.1706	-70.391
-3.29154	-6.37398	-70.416
-3.04266	-6.37398	-70.44
-3.04266	-6.37398	-70.465
-3.29154	-6.77178	-70.491
-3.29154	-6.37398	-70.515
-3.04266	-6.37398	-70.539
-3.29154	-5.97516	-70.562
-3.54042	-5.57736	-70.584
-3.54042	-5.57736	-70.605
-3.04266	-5.57736	-70.626
-3.29154	-5.57736	-70.648
-3.29154	-5.97516	-70.671
-3.29154	-5.57736	-70.692
-3.54042	-5.17854	-70.712
-3.54042	-4.77972	-70.73
-3.29154	-4.77972	-70.748
-3.29154	-4.77972	-70.767
-3.54042	-4.77972	-70.785
-2.79378	-5.17854	-70.805
-3.04266	-5.17854	-70.825
-3.04266	-4.38192	-70.841
-3.7893	-3.9831	-70.857
-3.54042	-3.9831	-70.872
-3.54042	-4.38192	-70.889
-3.04266	-4.38192	-70.906
-3.54042	-4.38192	-70.922
-3.29154	-3.9831	-70.938
-3.04266	-4.38192	-70.954
-3.29154	-3.5853	-70.968
-3.29154	-3.18648	-70.98
-3.54042	-3.5853	-70.994
-4.28808	-3.5853	-71.008
-5.2836	-3.9831	-71.023
-4.53696	-3.9831	-71.038
-4.03818	-3.5853	-71.052
-3.7893	-3.18648	-71.064
-3.29154	-3.18648	-71.076
-3.7893	-0.79662	-71.079
-4.53696	1.19544	-71.075
-4.03818	1.99206	-71.067
-3.7893	1.19544	-71.063
-3.7893	0	-71.063
-3.29154	-1.19544	-71.067
-4.03818	-0.79662	-71.07
-4.03818	0	-71.07
-3.7893	0.39882	-71.069
-3.29154	0	-71.069
-3.7893	0.39882	-71.067
-3.29154	-0.39882	-71.069
-3.54042	0	-71.069
-3.29154	0	-71.069
-3.7893	0	-71.069
-3.54042	0	-71.069
-3.7893	0	-71.069
-3.29154	0	-71.069
-3.7893	0	-71.069
-3.29154	0	-71.069
-3.7893	0	-71.069
-3.29154	0	-71.069
-3.7893	0	-71.069
-3.29154	0	-71.069
-3.54042	0	-71.069
-3.29154	0	-71.069
-3.54042	0	-71.069
-3.54042	0	-71.069
-3.29154	0	-71.069
-3.7893	0	-71.069
-3.04266	0	-71.069
-3.54042	0	-71.069
-3.29154	0	-71.069
-3.54042	0	-71.069
-3.29154	0	-71.069
-3.54042	0	-71.069
-3.04266	0	-71.069
-3.54042	0	-71.069
-3.29154	0	-71.069
-3.7893	0	-71.069
-3.29154	0	-71.069
-3.7893	0	-71.069
-3.29154	0	-71.069
-3.7893	0	-71.069
-3.54042	0	-71.069
-3.54042	0	-71.069
-3.29154	0	-71.069
-3.7893	0	-71.069
-3.54042	0	-71.069
-3.7893	0	-71.069
-3.54042	0	-71.069
-3.54042	0	-71.069
-3.7893	0	-71.069
-3.29154	0	-71.069
-3.7893	0	-71.069
-3.29154	0	-71.069
0	0	0
