[info]
speed	300
torque	/
position	/
gravity	/
termination type	/
termination val	/
stopmode	/
pause	/
[SetUp]	/
anatomical zero	/
mov1	/
mov2	/
end position	/
scale values	/
max GET mov1	/
max GET mov2	/
[filter]	/
filter	/
[markers by index]	/
move 1	/
move 2	/
max power start	/
max power end	/
	/
[data]
-9.5166	15.13782	-57.397
-9.5166	15.53562	-57.337
-9.7665	15.13782	-57.279
-9.7665	15.53562	-57.22
-9.7665	15.13782	-57.162
-9.7665	15.13782	-57.104
-9.7665	15.13782	-57.046
-9.26772	15.53562	-56.986
-9.7665	15.13782	-56.928
-9.5166	15.53562	-56.869
-9.7665	15.13782	-56.811
-9.7665	15.13782	-56.753
-9.7665	15.53562	-56.694
-9.7665	15.13782	-56.636
-9.7665	15.13782	-56.578
-10.01538	15.13782	-56.52
-9.7665	15.53562	-56.46
-9.5166	15.53562	-56.401
-10.01538	15.13782	-56.343
-9.5166	15.13782	-56.285
-9.5166	15.53562	-56.225
-10.01538	15.13782	-56.167
-9.5166	15.13782	-56.109
-10.01538	15.13782	-56.051
-9.5166	15.53562	-55.992
-10.01538	15.53562	-55.932
-9.7665	15.13782	-55.874
-10.01538	15.13782	-55.816
-9.7665	15.13782	-55.758
-9.7665	15.53562	-55.699
-10.26426	15.13782	-55.641
-10.26426	15.53562	-55.581
-10.51314	15.13782	-55.523
-10.01538	15.53562	-55.464
-10.51314	15.13782	-55.406
-10.51314	15.53562	-55.346
-10.51314	15.13782	-55.288
-10.76202	15.13782	-55.231
-10.51314	15.13782	-55.173
-10.51314	15.53562	-55.113
-10.76202	15.13782	-55.055
-10.76202	15.53562	-54.996
-10.76202	15.13782	-54.938
-10.51314	15.53562	-54.878
-10.76202	15.13782	-54.82
-10.76202	15.13782	-54.762
-11.25978	15.13782	-54.704
-10.76202	15.53562	-54.645
-11.0109	15.13782	-54.587
-10.76202	15.53562	-54.527
-10.76202	15.13782	-54.469
-11.0109	15.53562	-54.41
-11.0109	15.13782	-54.352
-11.0109	15.13782	-54.294
-11.0109	15.53562	-54.234
-11.25978	15.13782	-54.176
-11.0109	15.13782	-54.118
-11.0109	15.53562	-54.059
-11.0109	15.13782	-54.001
-11.0109	15.13782	-53.943
-11.0109	15.53562	-53.883
-11.0109	15.13782	-53.825
-11.0109	15.53562	-53.766
-11.0109	14.739	-53.71
-11.0109	15.53562	-53.65
-11.0109	15.53562	-53.591
-11.25978	15.13782	-53.533
-11.0109	15.13782	-53.475
-11.0109	15.53562	-53.415
-11.0109	15.13782	-53.357
-11.0109	15.53562	-53.298
-10.76202	15.13782	-53.24
-11.0109	15.13782	-53.182
-11.0109	15.13782	-53.124
-11.0109	15.53562	-53.064
-11.0109	15.13782	-53.006
-11.0109	15.53562	-52.947
-11.0109	15.13782	-52.889
-11.25978	15.13782	-52.831
-11.0109	15.13782	-52.773
-11.0109	15.53562	-52.713
-11.50968	15.13782	-52.655
-11.25978	15.53562	-52.596
-11.0109	15.13782	-52.538
-11.75856	15.53562	-52.478
-11.75856	15.13782	-52.42
-11.50968	15.13782	-52.362
-11.50968	15.53562	-52.303
-11.75856	15.13782	-52.245
-11.75856	15.13782	-52.187
-11.75856	15.13782	-52.129
-12.00744	15.53562	-52.07
-11.75856	15.53562	-52.01
-11.75856	15.13782	-51.952
-11.50968	15.13782	-51.894
-11.50968	15.13782	-51.836
-12.00744	15.13782	-51.778
-11.75856	15.93444	-51.717
-11.50968	15.13782	-51.659
-12.25632	15.13782	-51.601
-12.25632	15.13782	-51.543
-12.25632	15.53562	-51.484
-12.25632	15.13782	-51.426
-11.75856	15.53562	-51.366
-12.00744	15.13782	-51.308
-12.00744	15.53562	-51.249
-12.25632	15.13782	-51.191
-11.75856	15.13782	-51.133
-12.00744	15.13782	-51.075
-12.00744	15.53562	-51.015
-12.25632	15.13782	-50.957
-12.25632	15.53562	-50.898
-12.25632	15.13782	-50.84
-12.5052	15.13782	-50.782
-12.00744	15.53562	-50.723
-12.00744	15.13782	-50.665
-12.5052	15.13782	-50.607
-12.25632	15.53562	-50.547
-12.75408	15.13782	-50.489
-12.5052	15.53562	-50.43
-12.5052	15.13782	-50.372
-12.5052	15.13782	-50.314
-12.5052	15.53562	-50.254
-12.75408	15.13782	-50.196
-12.5052	15.13782	-50.138
-12.5052	15.53562	-50.079
-12.25632	15.13782	-50.021
-12.5052	15.13782	-49.963
-12.75408	15.13782	-49.905
-12.25632	15.53562	-49.845
-12.25632	15.53562	-49.786
-12.5052	15.13782	-49.728
-12.5052	15.53562	-49.668
-12.75408	15.13782	-49.61
-13.00296	15.13782	-49.552
-12.25632	15.13782	-49.494
-12.75408	15.53562	-49.435
-12.5052	15.53562	-49.375
-13.00296	15.13782	-49.317
-13.00296	15.13782	-49.259
-12.75408	15.53562	-49.2
-13.00296	15.13782	-49.142
-12.75408	15.13782	-49.084
-13.25286	15.13782	-49.026
-13.00296	15.53562	-48.967
-13.00296	15.13782	-48.909
-13.25286	15.53562	-48.849
-13.00296	15.13782	-48.791
-13.00296	15.13782	-48.733
-13.25286	15.53562	-48.674
-13.25286	15.13782	-48.616
-13.25286	15.53562	-48.556
-13.25286	15.13782	-48.498
-13.75062	15.13782	-48.44
-13.75062	15.53562	-48.381
-13.25286	15.13782	-48.323
-13.50174	15.13782	-48.265
-13.25286	15.53562	-48.205
-13.75062	15.13782	-48.147
-13.50174	15.13782	-48.089
-13.75062	15.53562	-48.03
-13.50174	15.53562	-47.97
-13.50174	15.13782	-47.912
-13.50174	15.13782	-47.854
-13.50174	15.53562	-47.795
-13.50174	15.13782	-47.737
-13.50174	15.13782	-47.679
-13.25286	15.53562	-47.62
-13.50174	14.739	-47.563
-13.25286	15.53562	-47.504
-13.50174	15.13782	-47.446
-13.50174	15.53562	-47.386
-13.00296	15.53562	-47.327
-13.25286	15.13782	-47.269
-13.00296	15.13782	-47.211
-13.00296	15.13782	-47.153
-13.00296	15.53562	-47.093
-13.00296	15.13782	-47.035
-13.25286	15.53562	-46.976
-13.00296	15.13782	-46.918
-13.50174	15.13782	-46.86
-13.50174	15.13782	-46.802
-13.50174	15.53562	-46.742
-13.00296	15.53562	-46.683
-13.25286	14.739	-46.626
-13.25286	15.53562	-46.567
-13.25286	15.13782	-46.509
-13.50174	15.53562	-46.449
-13.75062	15.13782	-46.391
-13.25286	15.13782	-46.333
-13.50174	15.53562	-46.274
-13.50174	15.13782	-46.216
-13.75062	15.13782	-46.158
-13.50174	15.53562	-46.099
-13.50174	15.13782	-46.041
-13.50174	15.53562	-45.981
-13.75062	15.13782	-45.923
-13.50174	15.13782	-45.865
-13.50174	15.53562	-45.806
-13.75062	15.13782	-45.748
-13.9995	15.13782	-45.69
-13.75062	15.53562	-45.63
-13.9995	15.13782	-45.572
-13.9995	15.53562	-45.513
-13.50174	15.53562	-45.453
-13.9995	14.739	-45.397
-13.75062	15.13782	-45.339
-13.75062	15.53562	-45.279
-13.50174	15.13782	-45.221
-13.9995	15.53562	-45.162
-13.9995	15.53562	-45.102
-13.9995	15.13782	-45.044
-13.9995	15.13782	-44.986
-13.75062	15.13782	-44.928
-13.9995	15.53562	-44.869
-13.50174	15.13782	-44.811
-13.50174	15.13782	-44.753
-14.24838	15.53562	-44.694
-14.24838	15.13782	-44.636
-14.24838	15.53562	-44.576
-13.9995	15.13782	-44.518
-13.50174	15.13782	-44.46
-13.9995	15.13782	-44.402
-13.50174	15.53562	-44.343
-13.50174	15.13782	-44.285
-13.9995	15.53562	-44.225
-13.9995	15.13782	-44.167
-13.50174	15.53562	-44.108
-13.50174	15.13782	-44.05
-13.75062	15.13782	-43.992
-13.50174	15.53562	-43.932
-13.50174	15.13782	-43.874
-13.50174	15.13782	-43.816
-13.75062	15.13782	-43.758
-14.24838	15.53562	-43.699
-13.9995	15.13782	-43.641
-14.24838	15.53562	-43.581
-13.9995	15.53562	-43.522
-14.24838	15.13782	-43.464
-13.9995	15.13782	-43.406
-14.24838	15.13782	-43.348
-13.9995	15.53562	-43.288
-13.9995	15.53562	-43.229
-14.49726	15.13782	-43.171
-13.9995	15.13782	-43.113
-14.24838	15.13782	-43.055
-14.24838	15.53562	-42.996
-14.24838	15.13782	-42.938
-14.24838	15.53562	-42.878
-14.49726	15.13782	-42.82
-14.99604	15.13782	-42.762
-14.74614	15.53562	-42.703
-14.99604	15.13782	-42.645
-14.99604	15.53562	-42.585
-14.74614	15.13782	-42.527
-14.49726	15.13782	-42.469
-14.99604	15.13782	-42.411
-14.49726	15.53562	-42.352
-14.49726	15.53562	-42.292
-14.49726	15.13782	-42.234
-14.49726	15.13782	-42.176
-14.74614	15.13782	-42.118
-14.49726	15.53562	-42.059
-14.99604	15.53562	-41.999
-14.99604	14.739	-41.943
-14.99604	15.53562	-41.883
-14.99604	15.13782	-41.825
-14.99604	15.53562	-41.766
-14.49726	15.13782	-41.708
-14.74614	15.53562	-41.649
-14.49726	15.13782	-41.591
-14.49726	15.13782	-41.533
-14.49726	15.13782	-41.475
-14.99604	15.53562	-41.415
-14.74614	15.53562	-41.356
-14.74614	15.13782	-41.298
-14.74614	15.13782	-41.24
-14.74614	15.13782	-41.182
-14.74614	15.53562	-41.122
-14.24838	15.13782	-41.064
-14.49726	15.13782	-41.006
-14.49726	15.53562	-40.947
-14.74614	15.13782	-40.889
-14.74614	15.53562	-40.829
-14.49726	15.13782	-40.771
-14.74614	15.13782	-40.713
-14.24838	15.13782	-40.655
-14.74614	15.53562	-40.596
-14.74614	15.13782	-40.538
-14.24838	15.53562	-40.478
-14.49726	15.13782	-40.42
-14.74614	15.53562	-40.361
-14.24838	15.13782	-40.303
-14.49726	15.13782	-40.245
-14.74614	15.13782	-40.187
-14.99604	15.53562	-40.128
-14.99604	15.13782	-40.07
-14.49726	15.53562	-40.01
-14.99604	15.53562	-39.951
-14.99604	14.739	-39.894
-14.74614	15.53562	-39.835
-14.99604	15.13782	-39.777
-14.74614	15.13782	-39.719
-14.74614	15.53562	-39.659
-14.74614	15.13782	-39.601
-15.24492	15.53562	-39.542
-15.24492	15.13782	-39.484
-15.24492	15.53562	-39.424
-14.74614	15.13782	-39.366
-14.74614	15.13782	-39.308
-14.99604	15.53562	-39.249
-14.99604	15.13782	-39.191
-15.24492	15.13782	-39.133
-15.4938	15.13782	-39.075
-14.99604	15.53562	-39.015
-15.24492	15.53562	-38.956
-14.99604	15.13782	-38.898
-15.24492	15.13782	-38.84
-15.4938	15.13782	-38.782
-15.4938	15.53562	-38.723
-15.4938	15.13782	-38.665
-14.99604	15.53562	-38.605
-14.99604	15.13782	-38.547
-14.99604	15.13782	-38.489
-15.24492	15.53562	-38.43
-15.24492	15.13782	-38.372
-15.24492	15.53562	-38.312
-15.24492	15.13782	-38.254
-15.4938	15.13782	-38.196
-14.99604	15.13782	-38.138
-14.99604	15.53562	-38.079
-15.24492	15.13782	-38.021
-15.24492	15.53562	-37.961
-15.24492	15.53562	-37.902
-15.24492	15.13782	-37.844
-15.74268	15.13782	-37.786
-15.4938	15.13782	-37.728
-15.74268	15.13782	-37.67
-15.4938	15.53562	-37.61
-15.4938	15.53562	-37.551
-15.24492	15.13782	-37.493
-15.99156	15.13782	-37.435
-15.74268	15.53562	-37.375
-15.99156	15.13782	-37.317
-15.74268	15.13782	-37.259
-15.99156	15.13782	-37.202
-15.74268	15.53562	-37.142
-15.74268	15.53562	-37.083
-15.99156	15.13782	-37.025
-15.74268	15.53562	-36.965
-16.24044	14.739	-36.909
-16.24044	15.53562	-36.849
-16.48932	15.13782	-36.791
-16.48932	15.53562	-36.732
-16.48932	15.13782	-36.674
-15.99156	15.53562	-36.614
-16.48932	15.13782	-36.556
-16.24044	15.13782	-36.498
-16.24044	15.53562	-36.439
-16.48932	15.13782	-36.381
-16.48932	15.13782	-36.323
-16.48932	15.53562	-36.263
-16.73922	15.13782	-36.205
-16.73922	15.13782	-36.147
-16.48932	15.53562	-36.088
-16.48932	15.53562	-36.028
-15.99156	15.13782	-35.97
-15.99156	15.13782	-35.912
-16.48932	15.13782	-35.854
-16.24044	15.53562	-35.795
-16.48932	15.13782	-35.737
-16.48932	15.53562	-35.677
-16.24044	15.13782	-35.62
-15.99156	15.13782	-35.562
-15.99156	15.53562	-35.502
-15.99156	15.13782	-35.444
-16.48932	15.13782	-35.386
-16.24044	15.53562	-35.327
-15.99156	15.13782	-35.269
-16.48932	15.13782	-35.211
-15.99156	15.53562	-35.151
-15.99156	15.13782	-35.093
-16.48932	15.13782	-35.035
-16.48932	15.53562	-34.976
-16.48932	15.13782	-34.918
-16.48932	15.53562	-34.858
-16.48932	15.13782	-34.8
-15.99156	15.53562	-34.741
-15.99156	15.13782	-34.683
-16.48932	15.13782	-34.625
-16.73922	15.13782	-34.567
-16.73922	15.53562	-34.507
-16.24044	15.13782	-34.449
-16.24044	15.53562	-34.39
-16.48932	15.13782	-34.332
-16.48932	15.13782	-34.274
-16.48932	15.53562	-34.214
-16.9881	15.13782	-34.157
-16.48932	15.13782	-34.099
-16.73922	15.53562	-34.039
-16.48932	15.13782	-33.981
-16.9881	15.53562	-33.922
-16.9881	15.13782	-33.864
-17.23698	15.13782	-33.806
-17.23698	15.53562	-33.746
-16.9881	15.13782	-33.688
-16.73922	15.13782	-33.63
-16.9881	15.53562	-33.571
-16.9881	15.13782	-33.513
-17.23698	15.53562	-33.453
-17.48586	15.13782	-33.395
-17.48586	15.13782	-33.337
-16.9881	15.53562	-33.278
-16.73922	15.13782	-33.22
-16.9881	15.13782	-33.162
-16.9881	15.53562	-33.102
-16.9881	15.13782	-33.044
-17.48586	15.53562	-32.985
-17.48586	15.13782	-32.927
-17.23698	15.53562	-32.867
-16.9881	15.13782	-32.809
-16.9881	15.13782	-32.751
-16.9881	15.13782	-32.694
-17.48586	15.53562	-32.634
-17.48586	15.13782	-32.576
-16.9881	15.13782	-32.518
-17.48586	15.53562	-32.459
-16.9881	15.13782	-32.401
-16.9881	15.53562	-32.341
-16.9881	15.13782	-32.283
-17.48586	15.13782	-32.225
-17.23698	15.13782	-32.167
-17.23698	15.53562	-32.108
-16.9881	15.53562	-32.048
-17.23698	15.13782	-31.99
-16.9881	15.13782	-31.932
-17.23698	15.53562	-31.873
-17.23698	14.739	-31.816
-17.23698	15.53562	-31.757
-17.48586	15.53562	-31.697
-17.23698	15.13782	-31.639
-17.23698	15.13782	-31.581
-16.9881	15.53562	-31.522
-17.73474	15.13782	-31.464
-17.73474	15.53562	-31.404
-17.73474	15.13782	-31.346
-17.48586	15.13782	-31.288
-17.23698	15.53562	-31.229
-17.23698	15.13782	-31.171
-17.48586	15.13782	-31.113
-17.48586	15.53562	-31.054
-17.98362	15.53562	-30.994
-17.98362	15.13782	-30.936
-17.73474	15.13782	-30.878
-17.98362	15.53562	-30.819
-17.48586	15.13782	-30.761
-17.73474	15.13782	-30.703
-17.98362	15.13782	-30.645
-18.2325	15.53562	-30.585
-18.2325	15.53562	-30.526
-18.2325	15.13782	-30.468
-17.73474	15.13782	-30.41
-17.98362	15.13782	-30.352
-17.73474	15.13782	-30.294
-17.98362	15.53562	-30.234
-17.98362	15.53562	-30.175
-17.98362	15.13782	-30.117
-17.73474	15.53562	-30.057
-17.48586	15.13782	-29.999
-17.48586	15.13782	-29.941
-17.48586	15.13782	-29.883
-17.48586	15.53562	-29.824
-17.73474	15.13782	-29.766
-17.98362	15.53562	-29.706
-17.73474	15.13782	-29.649
-17.73474	15.13782	-29.591
-17.23698	15.53562	-29.531
-17.73474	15.13782	-29.473
-17.23698	15.13782	-29.415
-17.48586	15.53562	-29.356
-17.73474	15.13782	-29.298
-17.23698	15.53562	-29.238
-17.23698	15.13782	-29.18
-17.48586	15.13782	-29.122
-17.48586	15.53562	-29.063
-17.23698	15.13782	-29.005
-17.48586	15.53562	-28.945
-16.9881	15.13782	-28.887
-17.48586	15.13782	-28.829
-16.9881	15.13782	-28.771
-17.48586	15.53562	-28.712
-16.9881	15.13782	-28.654
-16.9881	15.53562	-28.594
-17.48586	15.13782	-28.536
-16.9881	15.13782	-28.478
-16.9881	15.13782	-28.42
-16.9881	15.53562	-28.361
-17.48586	15.53562	-28.301
-16.9881	15.13782	-28.243
-17.48586	15.13782	-28.186
-17.48586	15.13782	-28.128
-17.48586	15.53562	-28.068
-17.23698	15.13782	-28.01
-17.23698	15.53562	-27.951
-17.23698	15.13782	-27.893
-17.73474	15.13782	-27.835
-17.73474	15.53562	-27.775
-17.48586	15.13782	-27.717
-17.73474	15.53562	-27.658
-17.23698	15.13782	-27.6
-17.73474	15.13782	-27.542
-17.48586	15.13782	-27.484
-17.73474	15.53562	-27.424
-17.23698	15.53562	-27.365
-17.48586	15.13782	-27.307
-17.23698	15.13782	-27.249
-17.23698	15.53562	-27.189
-17.48586	15.13782	-27.131
-17.48586	15.53562	-27.072
-17.48586	15.13782	-27.014
-17.48586	15.13782	-26.956
-17.23698	15.13782	-26.898
-16.9881	15.53562	-26.838
-17.23698	15.53562	-26.779
-16.9881	15.13782	-26.721
-17.48586	15.13782	-26.663
-17.48586	15.13782	-26.605
-16.9881	15.53562	-26.546
-17.23698	15.13782	-26.488
-17.23698	15.53562	-26.428
-16.9881	15.13782	-26.37
-17.48586	15.13782	-26.312
-17.23698	15.53562	-26.253
-16.9881	15.13782	-26.195
-16.9881	15.13782	-26.137
-16.73922	15.13782	-26.079
-16.9881	15.53562	-26.019
-17.23698	15.53562	-25.96
-17.23698	15.13782	-25.902
-17.23698	15.13782	-25.844
-16.9881	15.53562	-25.784
-17.23698	15.13782	-25.726
-16.73922	15.13782	-25.668
-17.23698	15.13782	-25.61
-17.23698	15.53562	-25.551
-17.23698	15.53562	-25.491
-16.73922	15.13782	-25.433
-16.73922	15.13782	-25.375
-16.9881	15.53562	-25.316
-17.23698	15.13782	-25.258
-17.23698	15.53562	-25.198
-16.73922	15.13782	-25.141
-16.73922	15.13782	-25.083
-16.9881	15.13782	-25.025
-16.9881	15.53562	-24.965
-16.9881	15.13782	-24.907
-17.48586	15.53562	-24.848
-17.48586	15.13782	-24.79
-17.48586	15.53562	-24.73
-17.48586	15.13782	-24.672
-17.23698	15.13782	-24.614
-16.9881	15.53562	-24.555
-16.9881	15.13782	-24.497
-17.48586	15.13782	-24.439
-17.48586	15.53562	-24.379
-17.23698	15.53562	-24.32
-17.23698	15.13782	-24.262
-17.48586	15.13782	-24.204
-17.23698	15.13782	-24.146
-16.9881	15.13782	-24.088
-16.9881	15.53562	-24.028
-16.9881	15.53562	-23.969
-16.9881	15.13782	-23.911
-16.73922	15.13782	-23.853
-17.23698	15.53562	-23.793
-17.23698	14.739	-23.737
-16.9881	15.53562	-23.677
-16.73922	15.53562	-23.618
-16.73922	15.13782	-23.56
-16.73922	15.53562	-23.501
-16.48932	15.13782	-23.443
-16.9881	15.13782	-23.385
-16.9881	15.53562	-23.325
-16.73922	15.13782	-23.267
-16.24044	15.13782	-23.209
-16.48932	15.53562	-23.15
-16.24044	15.13782	-23.092
-16.73922	15.13782	-23.034
-16.73922	15.53562	-22.974
-16.48932	15.13782	-22.916
-16.48932	15.13782	-22.858
-16.24044	15.53562	-22.799
-16.24044	15.13782	-22.741
-16.73922	15.53562	-22.681
-16.24044	15.13782	-22.623
-16.48932	15.13782	-22.565
-16.48932	15.53562	-22.506
-15.99156	15.13782	-22.448
-16.24044	15.53562	-22.388
-15.99156	15.13782	-22.33
-16.48932	15.13782	-22.272
-16.24044	15.13782	-22.214
-15.99156	15.53562	-22.155
-16.24044	15.13782	-22.097
-16.24044	15.53562	-22.038
-16.48932	15.13782	-21.98
-15.99156	15.13782	-21.922
-16.24044	15.13782	-21.864
-16.48932	15.53562	-21.804
-16.73922	15.13782	-21.746
-16.48932	15.53562	-21.687
-16.24044	15.13782	-21.629
-16.24044	15.53562	-21.569
-16.48932	15.13782	-21.511
-16.73922	15.13782	-21.453
-16.48932	15.53562	-21.394
-16.73922	15.13782	-21.336
-16.48932	15.53562	-21.276
-15.99156	15.13782	-21.218
-16.48932	15.13782	-21.16
-15.99156	15.53562	-21.101
-16.24044	15.13782	-21.043
-16.24044	15.13782	-20.985
-16.24044	15.53562	-20.925
-16.24044	15.13782	-20.867
-16.24044	15.53562	-20.808
-15.99156	15.13782	-20.75
-15.74268	15.13782	-20.692
-15.4938	15.53562	-20.632
-15.99156	15.13782	-20.575
-15.99156	15.53562	-20.515
-15.4938	15.13782	-20.457
-15.4938	15.13782	-20.399
-15.74268	15.53562	-20.34
-15.74268	15.13782	-20.282
-15.24492	15.13782	-20.224
-15.4938	15.53562	-20.164
-15.4938	15.13782	-20.106
-15.24492	15.13782	-20.048
-14.99604	15.13782	-19.99
-15.4938	15.53562	-19.931
-15.24492	15.53562	-19.871
-15.4938	15.13782	-19.813
-15.4938	15.13782	-19.755
-15.4938	15.13782	-19.697
-14.99604	15.53562	-19.638
-14.99604	15.53562	-19.578
-14.99604	15.13782	-19.52
-15.4938	15.13782	-19.462
-15.4938	15.53562	-19.403
-15.4938	15.13782	-19.345
-15.4938	15.13782	-19.287
-15.4938	15.53562	-19.227
-14.99604	15.13782	-19.169
-15.24492	15.13782	-19.112
-15.24492	15.53562	-19.052
-15.24492	15.13782	-18.994
-15.4938	15.53562	-18.935
-15.99156	15.53562	-18.875
-15.4938	15.13782	-18.817
-15.99156	15.13782	-18.759
-15.99156	15.13782	-18.701
-15.99156	15.53562	-18.642
-15.4938	15.13782	-18.584
-15.74268	15.13782	-18.526
-15.74268	15.53562	-18.466
-16.24044	15.13782	-18.408
-15.99156	15.53562	-18.349
-16.24044	15.13782	-18.291
-16.24044	15.13782	-18.233
-15.99156	15.13782	-18.175
-15.99156	15.53562	-18.115
-15.99156	15.13782	-18.057
-16.48932	15.53562	-17.998
-16.24044	15.13782	-17.94
-16.48932	15.53562	-17.88
-16.48932	15.13782	-17.822
-16.48932	15.13782	-17.764
-16.48932	15.53562	-17.705
-15.99156	15.13782	-17.647
-16.24044	15.13782	-17.589
-15.99156	15.13782	-17.531
-15.99156	15.53562	-17.472
-16.24044	15.53562	-17.412
-16.24044	15.13782	-17.354
-15.99156	15.53562	-17.295
-16.48932	14.739	-17.238
-16.48932	15.13782	-17.18
-16.48932	15.53562	-17.121
-16.48932	15.53562	-17.061
-16.48932	15.53562	-17.002
-16.24044	14.739	-16.945
-16.24044	15.53562	-16.886
-16.48932	15.13782	-16.828
-16.73922	15.53562	-16.768
-15.99156	15.13782	-16.71
-16.24044	15.13782	-16.652
-16.73922	15.13782	-16.594
-16.48932	15.53562	-16.535
-16.73922	15.13782	-16.477
-16.73922	15.53562	-16.417
-16.48932	15.13782	-16.359
-16.73922	15.13782	-16.301
-16.48932	15.13782	-16.243
-16.48932	15.53562	-16.184
-16.9881	15.53562	-16.124
-17.23698	15.13782	-16.067
-17.23698	15.13782	-16.009
-17.23698	15.53562	-15.949
-16.9881	15.13782	-15.891
-16.73922	15.53562	-15.832
-17.23698	15.13782	-15.774
-16.9881	14.739	-15.717
-16.9881	15.53562	-15.658
-17.23698	15.53562	-15.598
-17.23698	15.13782	-15.54
-16.9881	15.53562	-15.481
-17.48586	15.13782	-15.423
-17.48586	15.13782	-15.365
-17.48586	15.13782	-15.307
-16.9881	15.53562	-15.247
-17.23698	15.53562	-15.188
-16.9881	15.13782	-15.13
-17.23698	15.13782	-15.072
-16.9881	15.53562	-15.012
-17.23698	15.13782	-14.954
-17.48586	15.13782	-14.896
-16.9881	15.53562	-14.837
-16.73922	15.13782	-14.779
-16.9881	15.53562	-14.719
-16.9881	15.13782	-14.661
-16.9881	15.13782	-14.604
-17.23698	15.53562	-14.544
-17.23698	15.13782	-14.486
-17.23698	15.13782	-14.428
-16.9881	15.53562	-14.369
-16.73922	15.13782	-14.311
-16.9881	15.13782	-14.253
-16.9881	15.53562	-14.193
-16.9881	15.13782	-14.135
-16.9881	15.53562	-14.076
-16.73922	15.13782	-14.018
-16.73922	15.13782	-13.96
-16.48932	15.53562	-13.9
-16.48932	15.13782	-13.842
-16.73922	15.13782	-13.784
-16.9881	15.53562	-13.725
-16.9881	15.13782	-13.667
-16.73922	15.53562	-13.607
-16.48932	15.13782	-13.549
-16.9881	15.13782	-13.491
-16.73922	15.53562	-13.432
-16.48932	15.13782	-13.374
-16.73922	15.53562	-13.314
-16.9881	15.13782	-13.256
-16.9881	15.13782	-13.198
-17.23698	15.53562	-13.139
-16.73922	15.13782	-13.081
-16.9881	15.53562	-13.022
-16.73922	15.13782	-12.964
-17.23698	15.13782	-12.906
-17.48586	15.53562	-12.846
-17.23698	15.13782	-12.788
-17.48586	15.13782	-12.73
-16.9881	15.53562	-12.671
-17.48586	15.13782	-12.613
-17.48586	15.13782	-12.555
-17.23698	15.53562	-12.495
-17.48586	15.13782	-12.437
-16.9881	15.53562	-12.378
-17.23698	15.13782	-12.32
-17.48586	15.13782	-12.262
-17.48586	15.53562	-12.202
-16.9881	15.13782	-12.144
-16.9881	15.53562	-12.085
-17.48586	15.13782	-12.027
-17.23698	15.13782	-11.969
-17.23698	15.13782	-11.911
-16.9881	15.53562	-11.851
-16.9881	15.13782	-11.793
-17.23698	15.53562	-11.734
-17.48586	15.13782	-11.676
-17.23698	15.13782	-11.618
-16.73922	15.53562	-11.559
-16.73922	15.13782	-11.501
-17.23698	15.53562	-11.441
-16.73922	15.13782	-11.383
-16.9881	15.53562	-11.324
-17.23698	15.13782	-11.266
-17.23698	15.13782	-11.208
-16.9881	15.53562	-11.148
-16.73922	15.13782	-11.09
-16.9881	15.13782	-11.032
-17.48586	15.53562	-10.973
-17.23698	15.13782	-10.915
-16.9881	15.13782	-10.857
-16.73922	15.53562	-10.797
-16.9881	15.13782	-10.739
-16.9881	15.13782	-10.681
-16.9881	15.53562	-10.622
-17.23698	15.13782	-10.564
-16.9881	15.13782	-10.506
-16.9881	15.53562	-10.446
-17.23698	15.13782	-10.388
-17.23698	15.53562	-10.329
-17.73474	15.13782	-10.271
-17.73474	15.13782	-10.213
-17.73474	15.13782	-10.155
-17.48586	15.53562	-10.095
-17.73474	15.13782	-10.038
-17.73474	15.53562	-9.978
-17.98362	15.13782	-9.92
-18.2325	15.53562	-9.861
-17.98362	15.13782	-9.803
-17.98362	15.13782	-9.745
-18.4824	15.13782	-9.687
-18.4824	15.53562	-9.627
-18.2325	15.53562	-9.568
-17.98362	15.13782	-9.51
-18.2325	15.13782	-9.452
-18.4824	15.13782	-9.394
-18.4824	15.13782	-9.336
-18.2325	15.53562	-9.276
-18.2325	15.53562	-9.217
-18.73128	15.13782	-9.159
-18.4824	15.13782	-9.101
-18.73128	15.53562	-9.041
-18.73128	15.13782	-8.983
-18.4824	15.53562	-8.924
-18.73128	15.13782	-8.866
-18.98016	15.13782	-8.808
-18.73128	15.53562	-8.748
-19.22904	15.13782	-8.69
-18.73128	15.13782	-8.632
-18.73128	15.53562	-8.573
-18.73128	15.13782	-8.515
-19.22904	15.53562	-8.456
-19.22904	15.13782	-8.398
-18.73128	15.13782	-8.34
-18.73128	15.53562	-8.28
-18.73128	15.13782	-8.222
-18.98016	15.13782	-8.164
-19.47792	15.13782	-8.106
-19.22904	15.53562	-8.047
-19.22904	15.53562	-7.987
-18.98016	15.13782	-7.929
-19.22904	15.13782	-7.871
-18.4824	15.13782	-7.813
-18.4824	15.13782	-7.755
-17.73474	15.53562	-7.696
-17.98362	15.13782	-7.638
-17.73474	15.53562	-7.578
-17.48586	14.739	-7.522
-16.9881	13.54356	-7.47
-16.9881	12.34914	-7.423
-17.23698	11.1537	-7.38
-16.73922	9.56046	-7.343
-16.48932	8.76384	-7.31
-16.9881	7.5684	-7.281
-16.73922	6.77178	-7.255
-16.9881	6.77178	-7.229
-17.48586	6.37398	-7.205
-17.73474	5.57736	-7.183
-17.23698	5.17854	-7.163
-17.23698	3.5853	-7.15
-17.48586	3.18648	-7.137
-17.73474	3.5853	-7.124
-18.2325	3.18648	-7.112
-18.2325	3.18648	-7.099
-18.73128	3.18648	-7.087
-18.73128	2.38986	-7.078
-18.73128	1.59324	-7.072
-18.73128	1.59324	-7.066
-19.22904	1.59324	-7.06
-19.22904	1.59324	-7.054
-19.47792	1.59324	-7.047
-19.47792	1.59324	-7.041
-18.98016	0.79662	-7.038
-18.98016	0.79662	-7.035
-19.47792	0.79662	-7.032
-19.47792	0.79662	-7.029
-18.98016	0.79662	-7.026
-18.98016	1.19544	-7.022
-19.22904	0	-7.022
-18.98016	0	-7.022
-18.73128	0	-7.022
-19.22904	0	-7.022
-18.98016	0	-7.022
-18.73128	0	-7.022
-18.73128	0	-7.022
-19.22904	0	-7.022
-18.98016	0	-7.022
-18.73128	0	-7.022
-18.73128	0	-7.022
-18.98016	0	-7.022
-18.73128	0	-7.022
-18.2325	0	-7.022
-18.4824	0	-7.022
-18.4824	0	-7.022
-18.2325	0	-7.022
-17.98362	0	-7.022
-18.4824	0	-7.022
-18.4824	0	-7.022
-17.98362	0	-7.022
-17.98362	0	-7.022
-18.4824	0	-7.022
-18.4824	0	-7.022
-18.2325	0	-7.022
-18.4824	0	-7.022
-18.98016	0	-7.022
-18.73128	0	-7.022
-18.98016	0	-7.022
-19.7268	0	-7.022
-19.97568	0	-7.022
-19.97568	0	-7.022
-20.47446	0	-7.022
-21.46998	0	-7.022
-22.21764	0	-7.022
-22.7154	0	-7.022
-23.46204	0	-7.022
-24.95634	0	-7.022
-25.704	0	-7.022
-26.20176	0	-7.022
-26.9484	0	-7.022
-27.94494	0	-7.022
-28.19382	0	-7.022
-28.4427	0	-7.022
-29.19036	0	-7.022
-29.19036	0	-7.022
-28.69158	0	-7.022
-28.94046	0	-7.022
-29.68812	0	-7.022
-29.937	0	-7.022
-30.18588	0	-7.022
-31.18242	0	-7.022
-32.67672	0	-7.022
-33.92112	0	-7.022
-35.41542	0	-7.022
-37.90524	0	-7.022
-40.1472	0	-7.022
-42.13926	0	-7.022
-44.13132	0	-7.022
-45.62562	0	-7.022
-46.37226	0	-7.022
-46.62114	0	-7.022
-46.87104	-0.39882	-7.023
-46.37226	0	-7.023
-45.8745	0	-7.023
-44.3802	-2.38986	-7.032
-43.13478	-5.97516	-7.055
-41.89038	-10.7559	-7.096
-41.14272	-15.93444	-7.157
-40.89384	-20.31636	-7.235
-40.1472	-25.09608	-7.331
-40.64496	-30.27462	-7.447
-40.64496	-35.85198	-7.584
-40.89384	-42.62376	-7.748
-40.89384	-49.79436	-7.938
-41.3916	-57.76158	-8.16
-42.38814	-64.93116	-8.408
-43.13478	-71.70294	-8.683
-43.88244	-78.87354	-8.985
-44.62908	-86.84076	-9.317
-46.12338	-95.20578	-9.682
-47.11992	-103.96962	-10.08
-47.61768	-111.93684	-10.509
-48.61422	-120.70068	-10.971
-49.85862	-128.6679	-11.464
-50.60628	-137.03292	-11.989
-50.3574	-147.78882	-12.555
-50.1075	-153.36618	-13.142
-49.60974	-163.72326	-13.769
-49.36086	-172.8849	-14.431
-48.8631	-182.04756	-15.128
-48.8631	-190.81038	-15.859
-49.60974	-199.97304	-16.625
-49.85862	-209.13468	-17.426
-50.3574	-218.69514	-18.263
-51.10404	-227.45898	-19.134
-52.34946	-235.82502	-20.038
-54.5904	-243.39342	-20.97
-56.0847	-249.36858	-21.925
-58.07676	-253.7505	-22.896
-60.06882	-259.32786	-23.89
-62.30976	-264.10758	-24.901
-64.30182	-267.29406	-25.925
-67.04154	-271.67598	-26.965
-68.53584	-274.86348	-28.018
-69.0336	-278.44878	-29.084
-69.78024	-281.23644	-30.161
-71.02566	-283.62732	-31.247
-72.0222	-285.22056	-32.34
-72.0222	-286.8138	-33.438
-71.77332	-288.40704	-34.542
-72.0222	-292.39116	-35.662
-71.77332	-290.7969	-36.776
-72.0222	-293.9844	-37.902
-72.27108	-294.78102	-39.031
-72.27108	-295.17882	-40.161
-71.77332	-296.37426	-41.296
-72.51996	-297.5697	-42.436
-73.5165	-298.76412	-43.58
-74.01426	-299.16294	-44.726
-75.00978	-299.95956	-45.874
-75.75744	-300.35736	-47.025
-77.00286	-300.75618	-48.176
-78.74604	-301.5528	-49.331
-80.48922	-301.95162	-50.488
-81.23586	-301.95162	-51.644
-82.48128	-301.5528	-52.799
-83.72568	-300.75618	-53.951
-84.9711	-298.76412	-55.095
-86.21652	-296.37426	-56.23
-87.46092	-293.58558	-57.354
-87.9597	-290.00028	-58.465
-88.95522	-288.40704	-59.569
-89.454	-285.22056	-60.661
-89.454	-281.23644	-61.739
-90.44952	-277.25334	-62.8
-90.6984	-273.27024	-63.847
-90.6984	-268.88832	-64.877
-90.44952	-265.30302	-65.893
-90.44952	-260.52228	-66.89
-89.95176	-256.14036	-67.871
-90.44952	-250.96182	-68.832
-90.44952	-246.5799	-69.777
-90.20064	-241.40136	-70.701
-89.95176	-237.01944	-71.609
-89.70288	-231.8409	-72.497
-90.20064	-226.66236	-73.365
-90.44952	-221.08602	-74.211
-90.44952	-215.90748	-75.038
-90.44952	-210.72792	-75.845
-90.94728	-205.9482	-76.634
-90.94728	-200.37084	-77.401
-91.19718	-195.1923	-78.149
-90.94728	-189.21714	-78.874
-91.44606	-183.6408	-79.577
-91.44606	-178.06344	-80.259
-91.44606	-172.8849	-80.921
-91.44606	-167.70636	-81.563
-91.69494	-162.52782	-82.186
-91.44606	-156.55266	-82.785
-91.94382	-150.5775	-83.362
-92.94036	-145.00014	-83.917
-93.18924	-139.4238	-84.451
-93.18924	-133.84644	-84.964
-93.687	-128.26908	-85.455
-93.43812	-122.69274	-85.925
-93.687	-117.11538	-86.373
-93.687	-111.14022	-86.799
-93.687	-105.56388	-87.203
-93.93588	-99.98652	-87.586
-94.18476	-94.40916	-87.948
-94.43364	-88.434	-88.286
-93.18924	-83.25546	-88.605
-93.18924	-77.2803	-88.901
-92.69046	-71.30514	-89.174
-91.94382	-65.72778	-89.426
-91.44606	-60.15144	-89.656
-90.94728	-54.57408	-89.865
-89.2041	-50.59098	-90.059
-88.20858	-47.00568	-90.239
-86.96316	-42.62376	-90.402
-85.96764	-38.24184	-90.549
-84.9711	-33.0633	-90.675
-83.72568	-29.0802	-90.787
-81.73362	-27.08814	-90.89
-80.48922	-24.69828	-90.985
-79.49268	-23.10402	-91.073
-77.99838	-21.11298	-91.154
-76.2552	-17.92548	-91.223
-75.50856	-16.33224	-91.285
-73.5165	-13.94238	-91.339
-72.0222	-13.14576	-91.389
-70.5279	-12.34914	-91.436
-68.78472	-11.1537	-91.479
-67.04154	-9.95928	-91.517
-66.045	-8.76384	-91.551
-64.30182	-7.96722	-91.581
-63.05742	-6.77178	-91.607
-61.812	-6.77178	-91.633
-60.3177	-5.57736	-91.655
-58.07676	-5.57736	-91.676
-57.08022	-5.17854	-91.696
-55.33704	-3.9831	-91.711
-53.34498	-3.9831	-91.726
-50.3574	-2.78868	-91.737
-46.62114	-3.18648	-91.749
-42.63702	-3.5853	-91.763
-38.90178	-1.99206	-91.771
-34.17	0.39882	-91.769
-29.43924	1.99206	-91.761
-24.95634	1.59324	-91.755
-19.47792	0.39882	-91.754
-14.99604	-0.39882	-91.755
-9.7665	-0.79662	-91.758
-4.03818	0.39882	-91.757
2.43576	0.39882	-91.755
9.40848	0.39882	-91.754
17.8755	0.39882	-91.752
26.09364	0	-91.752
34.06188	0	-91.752
40.78572	0	-91.752
47.01078	0	-91.752
52.24032	0.79662	-91.749
55.97658	0.79662	-91.746
59.21304	0.79662	-91.743
61.95276	0.39882	-91.742
63.94482	0	-91.742
65.93688	0	-91.742
68.92548	0	-91.742
71.66418	1.19544	-91.737
74.4039	3.5853	-91.723
76.64484	8.36502	-91.691
78.6369	13.54356	-91.639
79.63344	17.92548	-91.571
80.62896	21.11298	-91.49
80.62896	23.10402	-91.401
80.38008	23.90064	-91.31
79.88232	25.4949	-91.212
79.63344	28.68138	-91.102
80.1312	33.85992	-90.973
80.1312	39.43728	-90.822
79.63344	45.01362	-90.649
79.88232	50.98878	-90.454
80.62896	56.16732	-90.239
80.38008	61.74468	-90.002
80.87886	68.91528	-89.739
81.6255	76.08486	-89.447
82.37214	83.65428	-89.127
82.87092	91.22268	-88.777
83.1198	99.1899	-88.398
84.6141	106.7583	-87.989
85.8585	113.9289	-87.552
87.10392	122.69274	-87.083
88.8471	130.65996	-86.582
90.59028	139.4238	-86.048
92.08458	148.58544	-85.479
93.57888	156.55266	-84.88
93.82776	166.11312	-84.243
93.82776	174.47814	-83.575
93.82776	183.24198	-82.874
93.33	191.607	-82.14
93.82776	201.16746	-81.369
94.82328	209.9313	-80.565
96.0687	219.49176	-79.725
96.81636	227.8578	-78.852
97.81188	236.62164	-77.946
98.80842	243.79122	-77.012
100.80048	249.7674	-76.056
103.04142	254.54712	-75.081
105.03348	259.72566	-74.086
107.02554	263.31096	-73.078
108.27096	268.09068	-72.051
109.51638	272.0748	-71.009
110.5119	276.0579	-69.952
112.0062	278.44878	-68.886
112.50396	280.83864	-67.81
112.75386	282.8307	-66.727
113.25162	284.82174	-65.636
113.00274	287.61042	-64.535
113.25162	290.00028	-63.424
112.25508	291.59352	-62.308
112.25508	291.99234	-61.189
111.75732	292.78896	-60.068
111.50844	293.9844	-58.942
111.25956	295.97544	-57.809
110.26302	297.17088	-56.671
108.27096	298.76412	-55.526
107.27442	298.36632	-54.384
107.02554	298.76412	-53.24
107.27442	298.76412	-52.095
107.02554	299.95956	-50.947
107.27442	301.5528	-49.792
107.7732	301.5528	-48.637
107.52432	301.95162	-47.481
108.02208	301.5528	-46.326
108.51984	300.75618	-45.174
108.51984	297.9675	-44.033
108.51984	295.57764	-42.901
108.27096	293.18778	-41.778
108.51984	292.78896	-40.657
107.7732	285.61836	-39.563
106.77666	284.82174	-38.472
105.53226	281.63526	-37.394
104.7846	277.65114	-36.33
103.78908	272.4726	-35.287
102.0459	268.4895	-34.259
101.796	264.9042	-33.244
100.30272	260.9211	-32.245
99.0573	256.53918	-31.263
97.06524	250.56402	-30.303
96.56646	246.1821	-29.36
95.32206	241.80018	-28.434
95.32206	236.62164	-27.528
94.07664	231.4431	-26.642
93.82776	227.06118	-25.772
92.33346	221.88264	-24.922
91.08804	217.50072	-24.089
89.34486	212.32218	-23.276
87.60168	207.54144	-22.481
85.8585	201.9651	-21.708
84.6141	195.98892	-20.957
83.61756	190.81038	-20.227
82.37214	185.63184	-19.516
81.12774	180.0555	-18.826
80.1312	175.27476	-18.155
78.6369	169.69842	-17.505
77.1426	164.51988	-16.875
75.15054	158.54472	-16.268
73.90614	153.36618	-15.681
72.66072	146.9922	-15.118
71.4153	141.41484	-14.576
69.921	136.63512	-14.053
68.42772	130.65996	-13.552
66.18576	125.0826	-13.073
63.94482	119.50524	-12.616
61.95276	113.9289	-12.179
59.71182	108.35154	-11.764
57.22098	102.7752	-11.371
54.48228	96.40122	-11.002
50.99592	91.22268	-10.652
48.50508	85.64532	-10.324
45.01872	80.06898	-10.018
41.53236	73.695	-9.735
39.5403	68.51646	-9.473
37.05048	62.5413	-9.234
34.06188	56.96394	-9.015
31.32318	52.18422	-8.816
28.33458	48.99774	-8.628
24.59934	45.01362	-8.456
21.36186	40.6317	-8.3
17.37774	35.05536	-8.166
13.14372	31.07124	-8.047
9.40848	28.28256	-7.938
4.17894	25.09608	-7.842
-1.0506	23.90064	-7.751
-6.52902	21.51078	-7.668
-11.50968	19.51974	-7.594
-16.9881	17.12886	-7.528
-23.46204	15.13782	-7.47
-30.43476	13.54356	-7.418
-37.40748	11.95032	-7.372
-45.8745	11.55252	-7.328
-54.34152	10.35708	-7.288
-62.30976	9.56046	-7.252
-70.03014	7.96722	-7.221
-76.50408	7.1706	-7.194
-81.9825	5.97516	-7.171
-85.96764	5.57736	-7.15
-89.2041	5.57736	-7.128
-90.6984	4.77972	-7.11
-90.94728	4.38192	-7.093
-90.44952	3.5853	-7.079
-90.20064	3.9831	-7.064
-88.95522	3.18648	-7.052
-88.70634	3.18648	-7.04
-88.20858	2.78868	-7.029
-87.9597	0.79662	-7.026
-88.70634	-0.79662	-7.029
-90.94728	-0.79662	-7.032
-92.69046	-0.39882	-7.034
-95.43018	0	-7.034
-98.41878	0.39882	-7.032
-102.4029	0	-7.032
-106.38702	0	-7.032
-110.12226	0	-7.032
-112.86198	0	-7.032
-116.34834	0	-7.032
-118.09152	-0.39882	-7.034
-118.3404	0	-7.034
-118.3404	-0.39882	-7.035
-117.34386	0	-7.035
-115.85058	0	-7.035
-113.60862	0	-7.035
-111.1188	-1.59324	-7.041
-107.88132	-3.9831	-7.057
-105.3915	-7.96722	-7.087
-102.65178	-13.14576	-7.137
-100.41084	-17.92548	-7.206
-98.66766	-22.3074	-7.292
-98.1699	-27.48594	-7.397
-97.67112	-33.0633	-7.523
-97.92	-39.43728	-7.674
-97.67112	-46.20906	-7.851
-97.67112	-53.37966	-8.056
-98.66766	-60.94806	-8.289
-99.16542	-68.11866	-8.55
-98.91654	-75.68706	-8.84
-99.16542	-82.85766	-9.157
-98.1699	-91.22268	-9.507
-97.42224	-99.5877	-9.888
-96.92448	-107.55492	-10.3
-95.1813	-116.31876	-10.745
-93.93588	-124.6848	-11.223
-92.69046	-133.04982	-11.732
-90.20064	-141.41484	-12.274
-88.45746	-150.17868	-12.849
-86.21652	-158.94252	-13.458
-84.72222	-168.50298	-14.103
-83.4768	-176.868	-14.78
-82.97904	-186.42846	-15.494
-82.48128	-195.59112	-16.243
-82.73016	-204.75276	-17.028
-82.73016	-213.91542	-17.847
-83.22792	-222.67926	-18.7
-84.22446	-232.23972	-19.589
-85.96764	-239.4093	-20.506
-87.71082	-245.78328	-21.447
-88.45746	-252.15726	-22.413
-88.95522	-256.93698	-23.397
-89.2041	-261.71772	-24.399
-90.20064	-265.70082	-25.417
-90.94728	-272.0748	-26.459
-90.44952	-270.48156	-27.494
-89.454	-276.45672	-28.553
-87.71082	-279.6432	-29.624
-86.21652	-282.43188	-30.706
-85.96764	-284.82174	-31.796
-85.21998	-285.61836	-32.89
-83.97558	-290.00028	-34.001
-82.73016	-286.41498	-35.098
-80.98698	-291.19572	-36.213
-80.7381	-293.18778	-37.336
-80.98698	-295.17882	-38.466
-80.48922	-295.57764	-39.598
-79.49268	-295.97544	-40.732
-79.2438	-297.17088	-41.87
-79.49268	-297.5697	-43.009
-79.74156	-298.36632	-44.152
-80.23932	-299.16294	-45.298
-79.74156	-299.56074	-46.445
-79.2438	-301.5528	-47.6
-79.74156	-301.95162	-48.756
-81.48474	-301.95162	-49.912
-82.2324	-301.5528	-51.067
-82.73016	-301.5528	-52.222
-83.22792	-300.35736	-53.372
-84.22446	-299.95956	-54.521
-85.46886	-297.9675	-55.662
-86.21652	-295.57764	-56.794
-86.71428	-291.99234	-57.912
-87.46092	-289.20366	-59.02
-87.21204	-286.01718	-60.115
-87.21204	-283.2285	-61.2
-87.46092	-279.6432	-62.271
-87.71082	-275.6601	-63.327
-87.21204	-270.87936	-64.364
-86.96316	-266.89626	-65.386
-86.71428	-262.51434	-66.391
-86.4654	-258.13242	-67.38
-85.96764	-253.7505	-68.352
-85.46886	-249.36858	-69.307
-85.71774	-244.19004	-70.242
-84.9711	-239.0115	-71.157
-84.9711	-234.23076	-72.054
-84.72222	-228.65442	-72.93
-84.22446	-224.2725	-73.789
-84.22446	-218.29734	-74.625
-84.22446	-213.5166	-75.443
-84.47334	-208.33806	-76.24
-83.97558	-203.15952	-77.018
-83.97558	-197.58318	-77.775
-83.72568	-192.40464	-78.512
-83.22792	-186.82728	-79.227
-83.4768	-180.85212	-79.92
-82.97904	-175.67358	-80.593
-82.73016	-170.09622	-81.244
-82.48128	-164.51988	-81.874
-81.73362	-158.94252	-82.483
-81.48474	-154.1628	-83.073
-81.23586	-148.58544	-83.642
-80.7381	-142.21146	-84.187
-79.99044	-136.63512	-84.71
-79.2438	-130.65996	-85.211
-78.99492	-125.0826	-85.69
-77.7495	-119.50524	-86.147
-77.25174	-114.3267	-86.585
-76.2552	-108.75036	-87.002
-75.75744	-103.173	-87.397
-75.50856	-96.80004	-87.768
-75.00978	-91.22268	-88.117
-74.01426	-85.64532	-88.445
-73.2666	-80.06898	-88.751
-72.27108	-74.49162	-89.037
-71.27454	-68.91528	-89.301
-70.77678	-62.94012	-89.542
-70.27902	-56.96394	-89.76
-69.0336	-52.18422	-89.96
-67.5393	-48.99774	-90.147
-66.2949	-45.01362	-90.32
-64.55172	-40.2339	-90.474
-63.55518	-35.45316	-90.61
-62.55864	-31.47006	-90.73
-61.812	-27.88476	-90.837
-60.81546	-25.4949	-90.935
-60.3177	-23.90064	-91.026
-59.07228	-21.9096	-91.11
-58.32564	-19.91754	-91.186
-57.579	-17.12886	-91.252
-56.0847	-15.13782	-91.31
-54.09264	-13.54356	-91.362
-51.85068	-12.74694	-91.411
-49.85862	-11.55252	-91.455
-46.87104	-10.7559	-91.496
-44.3802	-9.56046	-91.533
-42.13926	-7.96722	-91.563
-38.90178	-7.5684	-91.592
-36.16308	-6.37398	-91.616
-33.17448	-5.97516	-91.639
-29.68812	-5.97516	-91.662
-26.9484	-5.17854	-91.682
-25.20522	-4.77972	-91.7
-22.96428	-3.5853	-91.714
-20.22558	-3.18648	-91.726
-16.48932	-2.78868	-91.737
-13.50174	-2.78868	-91.748
-10.76202	-3.18648	-91.76
-7.77342	-1.19544	-91.764
-5.03472	0.79662	-91.761
-1.29948	1.99206	-91.754
2.93454	1.59324	-91.748
8.16408	0	-91.748
14.63802	-0.79662	-91.751
22.1085	-0.39882	-91.752
30.07776	0	-91.752
37.54824	0	-91.752
44.0232	0.39882	-91.751
49.25274	0.39882	-91.749
53.23686	0.39882	-91.748
56.72322	0.39882	-91.746
60.20958	0.39882	-91.745
63.69594	0.39882	-91.743
67.43118	0.39882	-91.742
71.4153	0	-91.742
75.64932	0	-91.742
79.88232	0	-91.742
83.36868	0	-91.742
86.35728	0	-91.742
88.10046	0	-91.742
89.34486	0	-91.742
89.59476	0	-91.742
90.09252	0.39882	-91.74
89.34486	0.79662	-91.737
88.59822	2.78868	-91.726
87.60168	5.57736	-91.705
86.60616	10.7559	-91.664
84.86298	15.93444	-91.603
83.36868	20.71416	-91.523
81.87438	25.09608	-91.427
80.87886	29.87682	-91.313
81.12774	35.85198	-91.176
81.12774	43.02156	-91.011
81.6255	50.19216	-90.819
82.37214	56.96394	-90.6
83.1198	64.53336	-90.353
84.11532	72.10176	-90.077
85.36074	78.87354	-89.775
86.85504	87.23958	-89.441
87.60168	95.20578	-89.076
89.09598	103.57182	-88.68
90.09252	111.93684	-88.251
90.83916	120.30288	-87.79
91.08804	129.0657	-87.296
91.33692	137.43174	-86.77
92.08458	145.79676	-86.211
91.8357	154.95942	-85.618
91.8357	163.72326	-84.991
90.3414	173.28372	-84.327
90.3414	182.44536	-83.629
90.09252	191.2092	-82.896
91.08804	199.57422	-82.132
93.0801	208.73688	-81.333
94.07664	218.29734	-80.497
95.57094	227.45898	-79.626
96.56646	236.22282	-78.721
97.06524	242.9946	-77.79
98.80842	249.36858	-76.835
100.80048	256.53918	-75.853
103.04142	255.74256	-74.874
103.78908	263.70978	-73.864
106.2789	268.09068	-72.837
107.27442	271.67598	-71.796
108.02208	275.6601	-70.741
109.51638	278.04996	-69.676
110.01414	280.43982	-68.602
110.5119	283.2285	-67.517
110.76078	284.82174	-66.427
110.76078	286.8138	-65.328
110.76078	289.20366	-64.221
110.5119	291.19572	-63.105
109.0176	292.39116	-61.986
108.76872	293.58558	-60.861
107.7732	294.3822	-59.734
107.02554	295.57764	-58.602
106.52778	296.37426	-57.467
105.03348	297.5697	-56.327
103.78908	298.76412	-55.183
103.53918	299.16294	-54.038
103.04142	299.56074	-52.89
103.04142	299.95956	-51.742
102.79254	301.15398	-50.588
103.04142	301.15398	-49.435
103.78908	301.5528	-48.28
103.78908	302.34942	-47.122
104.7846	301.5528	-45.967
105.28236	300.35736	-44.817
104.7846	298.76412	-43.673
105.28236	296.37426	-42.538
106.03002	293.18778	-41.415
106.2789	290.7969	-40.301
106.2789	288.40704	-39.197
105.53226	285.22056	-38.105
103.53918	281.23644	-37.028
103.53918	276.85452	-35.967
102.0459	273.27024	-34.921
100.5516	269.28612	-33.89
100.05282	264.9042	-32.875
98.30964	260.52228	-31.877
97.06524	256.14036	-30.896
95.57094	250.56402	-29.937
94.32552	246.5799	-28.993
93.0801	241.80018	-28.067
92.08458	237.01944	-27.159
91.33692	231.4431	-26.272
91.08804	226.66236	-25.404
89.84364	221.08602	-24.558
89.09598	215.90748	-23.731
88.10046	210.72792	-22.924
87.10392	205.9482	-22.135
86.60616	199.97304	-21.369
85.8585	195.1923	-20.622
84.86298	189.61596	-19.896
83.36868	183.6408	-19.192
82.87092	178.06344	-18.51
81.37662	172.8849	-17.848
80.1312	167.70636	-17.206
77.89026	161.7312	-16.587
76.89372	156.55266	-15.987
74.90166	150.9753	-15.409
74.15502	145.00014	-14.854
72.41184	139.02498	-14.321
71.4153	133.84644	-13.809
69.67212	128.26908	-13.317
68.6766	122.69274	-12.848
66.93342	116.71758	-12.401
64.94136	111.53904	-11.973
63.69594	105.56388	-11.569
61.70388	99.5877	-11.188
59.21304	94.40916	-10.826
56.47434	88.434	-10.488
53.48574	82.85766	-10.17
50.74704	77.2803	-9.874
47.26068	70.90632	-9.603
45.2676	65.72778	-9.351
42.5289	60.15144	-9.121
39.29142	54.57408	-8.912
36.05394	50.59098	-8.718
33.06636	46.60686	-8.539
30.07776	43.02156	-8.375
26.84028	37.84302	-8.23
23.35392	33.0633	-8.103
20.36532	29.478	-7.99
15.63456	26.29152	-7.89
11.64942	25.09608	-7.793
6.66978	22.70622	-7.706
1.938	20.71416	-7.627
-3.7893	18.3243	-7.557
-9.26772	15.93444	-7.496
-14.74614	13.94238	-7.443
-20.97222	13.14576	-7.392
-27.69606	11.55252	-7.348
-34.91766	11.1537	-7.305
-42.63702	9.95928	-7.267
-49.60974	8.36502	-7.235
-56.83134	7.5684	-7.206
-63.80406	6.77178	-7.18
-70.03014	6.37398	-7.156
-76.00632	5.57736	-7.134
-80.48922	5.57736	-7.113
-83.22792	4.38192	-7.096
-84.9711	3.5853	-7.083
-86.71428	3.18648	-7.07
-86.96316	3.5853	-7.057
-87.46092	3.18648	-7.044
-87.21204	2.78868	-7.034
-86.4654	2.38986	-7.025
-86.21652	-0.39882	-7.026
-87.46092	-1.59324	-7.032
-87.9597	-0.79662	-7.035
-89.2041	0	-7.035
-91.69494	0.79662	-7.032
-94.43364	0	-7.032
-96.6756	0	-7.032
-99.91308	0	-7.032
-103.14954	0	-7.032
-106.38702	0	-7.032
-109.6245	0	-7.032
-112.11432	0	-7.032
-114.1074	-0.39882	-7.034
-115.60068	0	-7.034
-115.60068	-0.39882	-7.035
-114.1074	0	-7.035
-112.6131	0	-7.035
-110.62104	0	-7.035
-108.37908	0	-7.035
-105.88926	-1.19544	-7.04
-102.90066	-3.9831	-7.055
-100.41084	-7.96722	-7.086
-97.92	-12.74694	-7.134
-96.17682	-18.3243	-7.205
-95.1813	-22.70622	-7.292
-94.68354	-27.48594	-7.397
-94.93242	-33.0633	-7.523
-95.1813	-39.03846	-7.673
-95.1813	-45.81024	-7.848
-95.43018	-53.77746	-8.054
-95.43018	-61.34586	-8.289
-95.1813	-68.11866	-8.55
-94.93242	-75.68706	-8.84
-93.93588	-82.85766	-9.157
-92.1927	-91.22268	-9.507
-91.44606	-99.1899	-9.886
-89.454	-107.95374	-10.3
-87.71082	-115.92096	-10.744
-85.71774	-124.6848	-11.221
-84.72222	-133.04982	-11.731
-82.97904	-141.41484	-12.272
-81.73362	-151.77192	-12.854
-80.48922	-156.95046	-13.455
-79.49268	-168.50298	-14.1
-78.74604	-177.26682	-14.779
-78.99492	-186.42846	-15.493
-79.74156	-195.59112	-16.242
-80.23932	-204.75276	-17.026
-80.7381	-213.91542	-17.845
-81.48474	-222.67926	-18.698
-82.73016	-231.8409	-19.586
-84.22446	-239.80812	-20.504
-85.21998	-246.1821	-21.447
-86.4654	-251.75844	-22.411
-86.21652	-256.93698	-23.395
-86.4654	-262.11552	-24.399
-86.4654	-265.70082	-25.417
-86.96316	-269.68494	-26.449
-86.4654	-272.87142	-27.494
-84.9711	-276.45672	-28.553
-83.22792	-280.43982	-29.627
-81.9825	-281.23644	-30.704
-81.73362	-284.02512	-31.792
-80.98698	-286.01718	-32.887
-79.49268	-288.00924	-33.99
-78.74604	-289.60248	-35.099
-77.7495	-291.59352	-36.216
-77.25174	-292.78896	-37.337
-77.99838	-293.9844	-38.463
-77.7495	-295.57764	-39.595
-77.00286	-295.57764	-40.727
-76.75296	-297.5697	-41.867
-76.50408	-297.9675	-43.008
-77.00286	-298.76412	-44.152
-77.00286	-299.56074	-45.299
-76.50408	-299.95956	-46.448
-76.75296	-303.14604	-47.609
-77.50062	-298.76412	-48.753
-78.74604	-301.5528	-49.908
-78.99492	-301.95162	-51.064
-79.49268	-301.95162	-52.221
-79.74156	-301.15398	-53.374
-80.23932	-299.95956	-54.523
-81.48474	-297.9675	-55.664
-82.97904	-294.78102	-56.793
-82.97904	-291.59352	-57.909
-83.4768	-289.20366	-59.017
-83.22792	-286.8138	-60.115
-83.4768	-283.2285	-61.2
-83.97558	-279.6432	-62.271
-83.72568	-275.26128	-63.325
-83.22792	-270.87936	-64.362
-82.73016	-266.89626	-65.385
-81.9825	-262.91214	-66.391
-81.9825	-260.12448	-67.388
-81.23586	-251.36064	-68.35
-81.73362	-249.36858	-69.305
-81.73362	-244.19004	-70.24
-80.98698	-239.0115	-71.156
-80.98698	-234.62958	-72.054
-80.98698	-229.05222	-72.932
-81.48474	-223.87368	-73.789
-81.48474	-218.29734	-74.625
-81.23586	-213.5166	-75.443
-81.23586	-208.33806	-76.24
-81.48474	-203.15952	-77.018
-81.23586	-197.98098	-77.777
-80.23932	-192.40464	-78.514
-80.48922	-186.03066	-79.226
-79.99044	-180.85212	-79.919
-79.2438	-175.67358	-80.591
-78.74604	-170.49504	-81.244
-78.74604	-164.51988	-81.874
-77.7495	-158.94252	-82.483
-77.25174	-153.76398	-83.072
-77.00286	-148.58544	-83.641
-76.75296	-142.21146	-84.186
-75.75744	-136.63512	-84.709
-75.75744	-130.65996	-85.209
-75.25968	-125.48142	-85.69
-75.50856	-119.90406	-86.149
-75.25968	-114.72552	-86.588
-74.7609	-107.55492	-87
-74.7609	-103.173	-87.395
-74.7609	-97.19784	-87.768
-75.50856	-91.22268	-88.117
-74.7609	-85.64532	-88.445
-74.26314	-80.06898	-88.751
-73.76538	-74.49162	-89.037
-73.2666	-68.91528	-89.301
-73.2666	-62.5413	-89.54
-72.27108	-57.36276	-89.76
-71.27454	-52.18422	-89.96
-70.27902	-48.99774	-90.147
-69.28248	-45.41244	-90.321
-68.78472	-40.2339	-90.475
-68.28696	-35.45316	-90.611
-67.78818	-30.67344	-90.729
-66.79266	-27.88476	-90.835
-65.79612	-25.8927	-90.935
-64.55172	-24.29946	-91.028
-63.55518	-21.9096	-91.112
-62.55864	-19.91754	-91.188
-62.30976	-16.73106	-91.252
-61.56312	-15.13782	-91.31
-61.06536	-13.94238	-91.363
-60.56658	-12.34914	-91.411
-59.57106	-11.95032	-91.456
-58.8234	-10.35708	-91.496
-57.82788	-9.56046	-91.533
-56.58246	-8.36502	-91.565
-54.5904	-7.1706	-91.592
-53.0961	-7.1706	-91.62
-50.60628	-6.37398	-91.644
-48.61422	-5.57736	-91.665
-46.37226	-5.17854	-91.685
-44.3802	-4.38192	-91.702
-41.89038	-3.5853	-91.716
-38.40402	-3.5853	-91.729
-35.16654	-3.18648	-91.742
-31.18242	-3.18648	-91.754
-27.69606	-2.78868	-91.764
-24.2097	-0.79662	-91.768
-19.7268	1.59324	-91.761
-15.4938	1.59324	-91.755
-10.01538	0.79662	-91.752
-4.28808	0	-91.752
1.938	-0.39882	-91.754
8.66184	-0.39882	-91.755
16.63008	0.39882	-91.754
24.59934	0.39882	-91.752
34.06188	0	-91.752
43.02666	0	-91.752
51.2448	0.39882	-91.751
58.71528	0.39882	-91.749
65.19024	0.39882	-91.748
71.16642	0.79662	-91.745
75.15054	0.39882	-91.743
79.13568	0.39882	-91.742
81.37662	0	-91.742
82.37214	0.39882	-91.74
82.62204	0	-91.74
81.87438	0.39882	-91.739
80.87886	0	-91.739
80.1312	0	-91.739
79.63344	1.19544	-91.734
78.6369	3.5853	-91.72
78.6369	7.96722	-91.69
78.6369	13.54356	-91.638
78.38802	18.3243	-91.568
78.38802	23.10402	-91.479
77.89026	27.48594	-91.374
79.13568	32.66448	-91.249
79.63344	39.43728	-91.098
79.88232	46.60686	-90.919
80.62896	53.77746	-90.713
81.12774	61.34586	-90.478
81.87438	68.11866	-90.218
82.37214	75.28824	-89.929
82.62204	82.85766	-89.612
82.62204	91.22268	-89.263
82.37214	99.1899	-88.883
81.37662	107.95374	-88.469
82.12326	116.31876	-88.024
81.37662	124.28598	-87.548
82.37214	133.04982	-87.038
83.61756	143.00808	-86.491
84.36522	148.58544	-85.922
85.36074	159.34134	-85.311
85.60962	168.50298	-84.666
85.36074	178.06344	-83.984
86.35728	186.82728	-83.269
86.60616	195.59112	-82.52
87.85158	204.75276	-81.735
89.84364	213.5166	-80.918
91.33692	222.67926	-80.065
91.58682	231.8409	-79.177
93.33	239.4093	-78.26
94.07664	246.97872	-77.314
95.32206	251.75844	-76.35
97.06524	256.53918	-75.368
98.06076	260.9211	-74.369
99.80394	265.70082	-73.351
101.04936	269.28612	-72.32
101.54712	273.66804	-71.272
102.79254	276.45672	-70.213
104.03796	279.6432	-69.142
104.28684	281.63526	-68.063
104.7846	284.82174	-66.973
105.03348	285.61836	-65.879
105.03348	288.40704	-64.774
104.7846	290.00028	-63.664
104.53572	291.59352	-62.547
103.78908	292.78896	-61.426
103.2903	294.3822	-60.298
102.29478	294.78102	-59.169
102.54366	295.97544	-58.036
101.54712	297.17088	-56.898
100.80048	298.36632	-55.755
99.55506	298.76412	-54.611
98.55954	299.16294	-53.465
98.30964	299.95956	-52.317
97.563	300.75618	-51.165
97.06524	301.5528	-50.01
97.06524	301.5528	-48.855
97.06524	301.15398	-47.702
96.81636	301.5528	-46.547
97.31412	300.75618	-45.395
97.06524	300.35736	-44.245
96.0687	297.9675	-43.104
96.81636	294.78102	-41.975
96.56646	291.99234	-40.857
96.56646	288.80586	-39.751
96.56646	286.8138	-38.652
95.07318	283.62732	-37.566
94.82328	279.2454	-36.497
93.57888	274.86348	-35.444
93.0801	270.87936	-34.407
92.08458	267.69288	-33.382
91.58682	262.91214	-32.375
89.84364	258.53022	-31.385
88.59822	252.95388	-30.416
87.85158	248.57196	-29.464
87.3528	243.79122	-28.53
85.8585	239.80812	-27.612
85.11186	234.62958	-26.713
84.86298	229.45104	-25.835
84.36522	223.47588	-24.979
83.1198	218.29734	-24.143
82.62204	212.71998	-23.328
81.6255	208.73688	-22.529
81.37662	203.15952	-21.751
81.12774	197.98098	-20.993
81.12774	192.00582	-20.257
80.87886	186.42846	-19.543
80.1312	180.85212	-18.851
79.13568	175.67358	-18.178
78.13914	170.49504	-17.525
76.89372	164.91768	-16.893
76.39596	158.94252	-16.285
74.90166	153.76398	-15.696
74.15502	147.78882	-15.13
72.9096	142.21146	-14.585
71.66418	136.63512	-14.062
71.16642	131.05776	-13.56
69.921	125.48142	-13.079
68.92548	119.90406	-12.62
67.92894	113.9289	-12.184
67.1823	108.35154	-11.769
65.93688	102.7752	-11.375
64.44258	97.19784	-11.003
62.94828	91.22268	-10.654
60.70734	86.04414	-10.324
57.46986	79.67016	-10.019
54.73116	74.09382	-9.735
51.74256	68.91528	-9.472
49.00386	62.94012	-9.231
45.76638	56.96394	-9.012
41.78226	52.18422	-8.813
37.54824	48.59892	-8.626
33.56412	45.01362	-8.454
29.82888	40.2339	-8.3
26.34252	35.85198	-8.163
22.1085	30.67344	-8.045
18.37326	27.88476	-7.938
14.38914	25.4949	-7.841
10.40502	23.90064	-7.749
6.4209	21.51078	-7.667
1.44024	19.51974	-7.592
-3.04266	17.12886	-7.526
-7.52454	15.13782	-7.468
-12.25632	13.54356	-7.417
-16.9881	12.34914	-7.369
-22.21764	11.55252	-7.325
-28.4427	10.35708	-7.285
-34.17	9.56046	-7.249
-40.39608	7.96722	-7.218
-47.3688	7.1706	-7.191
-54.83928	6.37398	-7.166
-61.812	5.97516	-7.144
-68.28696	5.57736	-7.122
-73.76538	5.57736	-7.101
-78.49614	3.9831	-7.086
-81.9825	3.18648	-7.073
-84.9711	3.18648	-7.061
-86.96316	2.78868	-7.05
-88.20858	2.78868	-7.04
-88.20858	2.78868	-7.029
-87.46092	0.79662	-7.026
-87.21204	-0.79662	-7.029
-87.46092	-1.59324	-7.035
-87.21204	-0.39882	-7.037
-87.9597	0.39882	-7.035
-88.95522	0.39882	-7.034
-90.6984	0.39882	-7.032
-92.1927	0	-7.032
-94.93242	0	-7.032
-97.17336	0	-7.032
-99.4143	0	-7.032
-101.40636	0	-7.032
-102.90066	0	-7.032
-103.8972	0	-7.032
-103.8972	-0.39882	-7.034
-103.8972	-0.39882	-7.035
-102.90066	-2.38986	-7.044
-100.65972	-5.97516	-7.067
-98.41878	-10.7559	-7.108
-96.17682	-15.53562	-7.168
-93.43812	-20.31636	-7.246
-91.94382	-25.09608	-7.342
-89.454	-30.27462	-7.458
-87.71082	-36.24978	-7.597
-85.71774	-42.22494	-7.758
-84.72222	-49.79436	-7.949
-83.97558	-56.96394	-8.167
-83.22792	-64.53336	-8.414
-83.22792	-71.70294	-8.689
-83.72568	-79.27236	-8.993
-83.97558	-86.84076	-9.325
-84.22446	-95.20578	-9.69
-84.72222	-103.173	-10.085
-84.47334	-112.33566	-10.515
-83.72568	-120.70068	-10.977
-83.72568	-128.6679	-11.47
-82.73016	-137.43174	-11.996
-80.98698	-145.79676	-12.555
-79.74156	-154.95942	-13.148
-77.50062	-163.72326	-13.775
-75.75744	-172.8849	-14.437
-74.51202	-181.64874	-15.133
-73.76538	-190.81038	-15.864
-73.01772	-199.57422	-16.628
-72.51996	-209.13468	-17.429
-72.0222	-218.29734	-18.265
-72.27108	-227.8578	-19.137
-73.76538	-235.82502	-20.041
-75.25968	-242.9946	-20.971
-77.00286	-249.36858	-21.926
-77.99838	-254.14932	-22.899
-78.74604	-258.92904	-23.891
-79.99044	-263.70978	-24.901
-81.73362	-268.09068	-25.928
-82.2324	-271.67598	-26.968
-82.2324	-274.86348	-28.021
-81.48474	-278.04996	-29.086
-80.23932	-280.83864	-30.161
-79.2438	-283.2285	-31.246
-78.49614	-285.22056	-32.338
-77.25174	-287.2116	-33.438
-75.25968	-288.80586	-34.544
-73.01772	-290.3991	-35.656
-72.0222	-291.99234	-36.774
-71.77332	-293.9844	-37.9
-71.27454	-294.78102	-39.029
-70.03014	-295.17882	-40.16
-69.53136	-296.37426	-41.295
-69.53136	-297.5697	-42.434
-70.27902	-298.36632	-43.577
-71.02566	-299.16294	-44.723
-71.02566	-299.95956	-45.871
-71.27454	-300.35736	-47.022
-72.0222	-301.15398	-48.175
-74.01426	-301.15398	-49.328
-75.25968	-301.95162	-50.485
-76.00632	-301.95162	-51.641
-76.2552	-301.15398	-52.794
-77.00286	-301.15398	-53.948
-77.50062	-299.16294	-55.093
-78.24726	-296.77206	-56.23
-78.74604	-293.18778	-57.353
-79.2438	-290.00028	-58.463
-78.74604	-288.00924	-59.566
-78.74604	-284.82174	-60.657
-78.49614	-281.23644	-61.734
-79.2438	-278.04996	-62.799
-78.74604	-273.66804	-63.847
-78.49614	-268.88832	-64.877
-78.24726	-264.9042	-65.891
-78.24726	-260.12448	-66.887
-77.7495	-255.74256	-67.867
-77.7495	-250.96182	-68.828
-78.74604	-246.97872	-69.774
-78.74604	-241.80018	-70.7
-78.24726	-237.01944	-71.607
-78.74604	-231.4431	-72.494
-78.74604	-226.26456	-73.36
-78.74604	-221.88264	-74.21
-78.24726	-216.30528	-75.038
-79.2438	-210.72792	-75.845
-78.49614	-205.15158	-76.631
-77.7495	-200.37084	-77.398
-77.50062	-197.18436	-78.153
-77.50062	-187.2261	-78.87
-76.50408	-184.0386	-79.575
-76.00632	-178.46226	-80.259
-76.00632	-172.8849	-80.921
-75.50856	-167.70636	-81.563
-75.00978	-161.7312	-82.182
-74.7609	-156.15384	-82.78
-74.7609	-150.9753	-83.359
-75.00978	-145.39896	-83.915
-75.25968	-139.02498	-84.448
-75.50856	-134.24526	-84.962
-76.2552	-128.26908	-85.453
-76.2552	-122.29392	-85.922
-76.75296	-116.71758	-86.369
-77.50062	-111.53904	-86.796
-77.50062	-105.96168	-87.202
-78.24726	-99.98652	-87.584
-78.49614	-94.40916	-87.946
-77.99838	-88.434	-88.285
-77.7495	-82.85766	-88.602
-76.50408	-77.2803	-88.898
-76.00632	-71.30514	-89.171
-75.75744	-66.1266	-89.424
-74.7609	-60.15144	-89.655
-73.76538	-54.17628	-89.862
-73.01772	-50.59098	-90.056
-71.77332	-47.00568	-90.236
-71.27454	-43.02156	-90.401
-70.77678	-37.44522	-90.544
-70.27902	-33.4611	-90.672
-69.78024	-29.478	-90.785
-68.78472	-26.68932	-90.887
-68.53584	-25.09608	-90.983
-67.78818	-23.10402	-91.072
-67.78818	-20.71416	-91.151
-66.79266	-18.3243	-91.221
-67.04154	-15.93444	-91.282
-66.2949	-14.34018	-91.337
-65.29836	-13.14576	-91.388
-64.30182	-12.34914	-91.435
-63.80406	-11.1537	-91.478
-62.30976	-9.95928	-91.516
-61.06536	-9.16164	-91.551
-59.57106	-7.5684	-91.58
-57.82788	-7.1706	-91.607
-55.58592	-6.37398	-91.632
-52.59834	-5.97516	-91.655
-50.3574	-5.57736	-91.676
-47.61768	-4.77972	-91.694
-45.8745	-4.38192	-91.711
-42.8859	-3.5853	-91.725
-40.1472	-2.78868	-91.735
-36.41196	-3.18648	-91.748
-33.42336	-2.78868	-91.758
-30.68364	-2.38986	-91.768
-27.44718	0.39882	-91.766
-24.95634	1.99206	-91.758
-21.2211	1.19544	-91.754
-18.4824	0.39882	-91.752
-14.74614	-0.39882	-91.754
-11.25978	-0.39882	-91.755
-7.27566	0	-91.755
-2.5449	0	-91.755
2.68464	0.39882	-91.754
9.40848	0	-91.754
17.12886	0.39882	-91.752
26.84028	0	-91.752
37.29936	0	-91.752
46.26414	0	-91.752
53.9835	0	-91.752
60.70734	0.39882	-91.751
65.688	0.79662	-91.748
69.42324	1.19544	-91.743
73.15848	0.39882	-91.742
76.14708	0.39882	-91.74
78.38802	0.39882	-91.739
79.38456	0	-91.739
79.88232	0	-91.739
80.1312	0	-91.739
80.1312	0	-91.739
80.38008	1.19544	-91.734
80.1312	3.5853	-91.72
79.38456	7.96722	-91.69
78.6369	13.54356	-91.638
78.38802	18.7221	-91.566
77.1426	23.10402	-91.478
76.39596	27.08814	-91.374
75.15054	32.66448	-91.249
73.65726	39.43728	-91.098
72.16296	46.60686	-90.919
71.4153	54.17628	-90.712
71.16642	60.94806	-90.478
70.91754	68.11866	-90.218
70.91754	74.89044	-89.931
71.4153	82.85766	-89.613
71.66418	90.82386	-89.266
72.66072	99.1899	-88.886
73.40736	107.95374	-88.472
73.90614	116.31876	-88.027
75.64932	124.6848	-87.549
77.1426	133.04982	-87.04
80.38008	141.81366	-86.497
84.11532	150.5775	-85.92
86.85504	159.34134	-85.31
90.3414	168.50298	-84.665
92.33346	176.4702	-83.989
94.5744	184.43742	-83.282
95.57094	191.2092	-82.55
96.81636	192.80244	-81.812
98.06076	198.7776	-81.05
99.30618	203.15952	-80.272
100.30272	207.54144	-79.478
101.04936	211.52556	-78.668
101.796	214.71204	-77.845
101.796	217.89852	-77.011
102.0459	219.89058	-76.169
102.29478	222.67926	-75.316
103.2903	224.2725	-74.457
103.53918	226.26456	-73.591
103.2903	227.8578	-72.718
103.2903	229.84884	-71.838
103.04142	231.8409	-70.95
102.29478	233.03634	-70.057
102.79254	234.23076	-69.16
102.54366	234.62958	-68.262
102.79254	235.4262	-67.36
102.54366	236.22282	-66.456
102.54366	237.01944	-65.548
101.796	238.61268	-64.634
101.29824	239.0115	-63.719
101.04936	239.80812	-62.8
100.30272	240.20694	-61.88
99.55506	240.20694	-60.96
98.80842	239.80812	-60.042
97.563	240.60474	-59.121
96.0687	241.40136	-58.196
94.5744	242.19798	-57.269
93.57888	242.5968	-56.34
92.08458	242.19798	-55.412
90.83916	241.80018	-54.486
88.8471	242.5968	-53.557
87.3528	242.9946	-52.626
85.36074	243.39342	-51.694
84.36522	243.79122	-50.761
83.36868	242.9946	-49.83
81.6255	242.5968	-48.901
80.87886	242.5968	-47.972
79.63344	243.79122	-47.038
77.64138	244.58886	-46.102
76.89372	244.58886	-45.165
75.39942	244.58886	-44.228
74.4039	243.39342	-43.296
72.66072	242.5968	-42.367
71.4153	243.39342	-41.435
70.1709	244.58886	-40.498
68.42772	244.98666	-39.56
67.92894	244.58886	-38.623
67.68006	245.78328	-37.682
66.68454	242.19798	-36.755
66.93342	243.39342	-35.822
66.68454	244.58886	-34.886
66.68454	244.58886	-33.949
66.43464	243.79122	-33.015
66.68454	241.80018	-32.089
66.68454	238.61268	-31.176
66.68454	235.4262	-30.274
67.43118	233.03634	-29.382
67.92894	230.64648	-28.498
67.68006	227.8578	-27.626
68.42772	224.2725	-26.767
67.92894	219.89058	-25.925
68.17782	216.30528	-25.096
67.92894	211.52556	-24.286
66.43464	207.54144	-23.491
66.43464	203.15952	-22.713
65.43912	199.17642	-21.951
64.1937	193.59906	-21.209
63.19818	189.21714	-20.485
61.95276	184.0386	-19.78
60.45846	179.25888	-19.093
59.21304	174.47814	-18.425
57.71976	168.9018	-17.778
56.72322	164.12106	-17.15
55.97658	158.94252	-16.541
54.98004	153.36618	-15.954
53.9835	148.18662	-15.386
53.48574	142.61028	-14.84
53.23686	137.43174	-14.314
53.73462	131.85438	-13.809
53.23686	126.67584	-13.324
52.98798	121.4973	-12.858
52.98798	115.52214	-12.416
52.49022	109.54698	-11.996
52.7391	104.76624	-11.595
52.24032	99.1899	-11.215
52.49022	93.61254	-10.857
52.24032	88.0362	-10.52
51.49368	81.66222	-10.207
50.99592	76.08486	-9.915
49.99938	71.70294	-9.641
49.00386	66.5244	-9.386
48.75396	60.94806	-9.153
47.75844	55.3707	-8.941
47.26068	50.59098	-8.747
46.26414	46.60686	-8.568
45.01872	43.42038	-8.402
44.27208	38.64066	-8.254
43.77432	34.65654	-8.121
42.77778	29.87682	-8.007
42.28002	27.48594	-7.902
41.53236	24.69828	-7.807
40.53684	22.70622	-7.72
39.5403	20.71416	-7.641
38.54478	19.12092	-7.568
37.54824	16.73106	-7.504
36.8016	15.13782	-7.446
35.55618	13.14576	-7.395
34.31076	11.95032	-7.35
33.56412	11.1537	-7.307
32.3187	9.95928	-7.269
31.07328	9.56046	-7.232
29.3301	7.5684	-7.203
28.0857	7.1706	-7.176
27.33804	6.77178	-7.15
26.09364	5.97516	-7.127
24.35046	5.57736	-7.105
23.6028	4.77972	-7.087
22.60728	4.38192	-7.07
21.36186	3.5853	-7.057
19.61868	3.5853	-7.043
18.12438	2.78868	-7.032
15.63456	3.18648	-7.02
14.14026	2.78868	-7.009
11.15166	1.19544	-7.005
8.91072	-1.19544	-7.009
6.4209	-1.59324	-7.015
3.4323	-1.59324	-7.022
0.19482	0.39882	-7.02
-3.04266	0.79662	-7.017
-5.53248	0.79662	-7.014
-8.76996	-0.39882	-7.015
-12.75408	-0.39882	-7.017
-16.48932	-0.39882	-7.018
-20.22558	-0.39882	-7.02
-24.70746	0.39882	-7.018
-29.43924	0	-7.018
-34.91766	-0.39882	-7.02
-39.15066	0	-7.02
-43.63356	0	-7.02
-47.61768	0	-7.02
-50.60628	0	-7.02
-54.34152	-0.39882	-7.022
-56.83134	-0.39882	-7.023
-59.81994	-0.39882	-7.025
-62.06088	0	-7.025
-64.30182	0	-7.025
-65.54724	0	-7.025
-67.04154	0	-7.025
-67.5393	0	-7.025
-67.78818	-0.39882	-7.026
-67.29042	0	-7.026
-67.29042	0	-7.026
-67.29042	0	-7.026
-66.54378	0	-7.026
-66.2949	0	-7.026
-66.79266	-0.39882	-7.028
-66.54378	-0.79662	-7.031
-66.54378	-1.59324	-7.037
-67.04154	-3.18648	-7.049
-66.54378	-4.77972	-7.067
-67.5393	-6.77178	-7.093
-67.5393	-7.96722	-7.124
-68.78472	-9.56046	-7.16
-69.78024	-10.35708	-7.2
-70.77678	-12.74694	-7.249
-71.02566	-15.13782	-7.307
-71.52342	-17.52768	-7.374
-72.51996	-20.31636	-7.452
-73.01772	-21.9096	-7.536
-73.5165	-23.10402	-7.624
-74.01426	-24.69828	-7.719
-73.5165	-26.29152	-7.819
-73.2666	-28.68138	-7.929
-72.51996	-31.07124	-8.048
-72.0222	-32.66448	-8.173
-71.27454	-34.25874	-8.305
-70.77678	-35.05536	-8.439
-69.53136	-36.6486	-8.579
-69.0336	-38.24184	-8.726
-67.78818	-40.2339	-8.88
-66.79266	-43.02156	-9.044
-65.04948	-43.42038	-9.211
-64.30182	-45.01362	-9.383
-63.55518	-46.20906	-9.56
-62.55864	-47.00568	-9.74
-61.31424	-48.20112	-9.925
-60.3177	-50.59098	-10.118
-59.57106	-52.18422	-10.318
-58.57452	-53.37966	-10.523
-57.82788	-54.57408	-10.732
-57.08022	-55.3707	-10.944
-56.33358	-56.16732	-11.159
-55.33704	-57.76158	-11.38
-54.34152	-58.956	-11.606
-52.59834	-60.54924	-11.838
-51.6018	-61.74468	-12.074
-50.85516	-62.94012	-12.315
-49.60974	-63.73674	-12.559
-48.61422	-64.13454	-12.805
-47.3688	-65.32998	-13.055
-46.62114	-66.92322	-13.311
-45.62562	-67.71984	-13.571
-44.62908	-68.91528	-13.835
-44.3802	-70.1097	-14.103
-43.63356	-70.50852	-14.373
-42.38814	-71.30514	-14.646
-42.13926	-72.50058	-14.924
-41.14272	-73.2972	-15.205
-40.39608	-74.49162	-15.49
-39.89832	-75.28824	-15.778
-39.39954	-75.68706	-16.068
-38.6529	-76.8825	-16.362
-37.65636	-77.2803	-16.658
-37.40748	-78.47574	-16.959
-36.90972	-79.27236	-17.263
-36.16308	-79.67016	-17.568
-35.41542	-80.46678	-17.876
-34.91766	-81.66222	-18.189
-34.4199	-82.06104	-18.503
-33.92112	-82.85766	-18.82
-33.42336	-83.25546	-19.139
-32.42682	-84.05208	-19.461
-31.68018	-84.8487	-19.786
-31.18242	-85.64532	-20.114
-30.93354	-86.04414	-20.443
-30.18588	-86.44296	-20.774
-28.94046	-87.63738	-21.11
-28.4427	-87.63738	-21.446
-27.44718	-88.434	-21.784
-26.69952	-89.23062	-22.126
-25.4541	-89.62944	-22.469
-24.95634	-90.02724	-22.814
-23.96082	-90.42606	-23.16
-22.7154	-91.6215	-23.511
-21.2211	-91.6215	-23.862
-20.72334	-92.0193	-24.214
-19.47792	-92.81592	-24.57
-18.98016	-93.21474	-24.927
-17.48586	-93.61254	-25.285
-16.73922	-94.01136	-25.645
-16.24044	-94.40916	-26.007
-15.24492	-95.20578	-26.372
-14.24838	-95.6046	-26.738
-13.50174	-95.6046	-27.104
-13.00296	-96.40122	-27.473
-12.00744	-96.80004	-27.844
-11.75856	-97.59666	-28.218
-10.76202	-97.59666	-28.591
-10.01538	-97.99446	-28.967
-9.26772	-97.99446	-29.342
-8.76996	-98.79108	-29.72
-8.52108	-99.1899	-30.1
-8.02332	-99.1899	-30.48
-6.7779	-99.98652	-30.863
-6.03024	-99.98652	-31.246
-5.53248	-100.38432	-31.63
-5.03472	-100.78314	-32.016
-4.03818	-101.18196	-32.404
-3.29154	-101.97858	-32.794
-3.04266	-101.57976	-33.183
-2.79378	-101.97858	-33.574
-2.04612	-101.97858	-33.964
-2.04612	-102.7752	-34.358
-1.54836	-103.173	-34.753
-0.80172	-103.57182	-35.15
-0.55182	-103.173	-35.545
-1.0506	-104.76624	-35.946
-1.0506	-103.173	-36.341
-0.55182	-104.36844	-36.741
-0.80172	-104.36844	-37.141
-0.30294	-105.16506	-37.543
-0.05406	-106.3605	-37.951
0.4437	-104.36844	-38.35
0.69258	-105.56388	-38.755
0.4437	-106.7583	-39.163
-0.30294	-104.36844	-39.563
0.4437	-105.96168	-39.969
0.94146	-107.15712	-40.379
0.94146	-107.15712	-40.79
0.69258	-107.15712	-41.2
0.4437	-107.15712	-41.61
0.69258	-106.7583	-42.019
0.69258	-106.7583	-42.428
1.19136	-107.55492	-42.84
1.68912	-108.35154	-43.255
1.19136	-108.35154	-43.67
1.68912	-108.35154	-44.085
1.938	-108.35154	-44.5
2.18688	-108.75036	-44.916
2.18688	-108.35154	-45.331
2.18688	-108.75036	-45.748
2.43576	-109.14816	-46.166
2.68464	-109.14816	-46.584
2.68464	-109.54698	-47.003
1.938	-109.14816	-47.421
1.44024	-108.75036	-47.838
0.94146	-107.95374	-48.251
0.94146	-107.55492	-48.663
0.94146	-106.7583	-49.072
0.94146	-106.7583	-49.481
0.4437	-105.56388	-49.885
0.19482	-104.76624	-50.286
-0.30294	-103.57182	-50.683
-0.55182	-101.97858	-51.073
-1.0506	-101.18196	-51.461
-1.29948	-99.98652	-51.844
-1.29948	-98.79108	-52.222
-0.05406	-97.59666	-52.596
0.4437	-96.40122	-52.965
0.69258	-92.81592	-53.321
-0.80172	-91.6215	-53.671
-2.295	-90.42606	-54.018
-2.5449	-88.83282	-54.358
-1.79724	-89.62944	-54.701
-0.80172	-91.6215	-55.052
-0.05406	-90.42606	-55.398
-0.05406	-88.434	-55.737
-1.29948	-83.65428	-56.057
-1.54836	-80.46678	-56.366
-1.54836	-78.87354	-56.668
-0.55182	-77.2803	-56.964
-0.05406	-78.87354	-57.266
0.69258	-78.07692	-57.565
0.69258	-76.08486	-57.856
0.4437	-73.2972	-58.137
-0.30294	-70.50852	-58.407
-0.30294	-68.11866	-58.668
-0.55182	-67.71984	-58.927
-0.55182	-67.71984	-59.186
0.4437	-67.32204	-59.444
0.4437	-66.1266	-59.697
0.94146	-64.13454	-59.943
0.69258	-61.74468	-60.179
0.4437	-59.75262	-60.408
0.4437	-58.15938	-60.631
0.94146	-58.5582	-60.855
1.44024	-58.15938	-61.078
1.19136	-57.36276	-61.298
1.19136	-55.76952	-61.511
0.4437	-54.17628	-61.719
0.4437	-52.18422	-61.919
0.69258	-50.98878	-62.114
0.4437	-50.59098	-62.308
0.4437	-50.19216	-62.5
0.94146	-49.79436	-62.69
0.69258	-48.59892	-62.877
0.69258	-47.00568	-63.057
0.4437	-45.41244	-63.231
-0.05406	-44.217	-63.4
-0.05406	-43.42038	-63.566
0.19482	-43.8192	-63.734
0.69258	-43.42038	-63.9
0.19482	-42.62376	-64.063
-0.30294	-40.6317	-64.219
-0.55182	-39.43728	-64.37
-0.30294	-38.64066	-64.518
-1.0506	-37.84302	-64.663
-0.55182	-37.84302	-64.808
-0.55182	-37.44522	-64.951
-1.0506	-37.0464	-65.093
-1.29948	-35.45316	-65.229
-2.04612	-34.25874	-65.36
-2.04612	-33.0633	-65.487
-2.5449	-33.0633	-65.613
-2.5449	-33.0633	-65.74
-2.5449	-32.66448	-65.865
-2.295	-32.26668	-65.989
-3.04266	-30.67344	-66.106
-3.04266	-29.87682	-66.221
-3.7893	-28.68138	-66.33
-3.29154	-28.68138	-66.44
-3.54042	-28.68138	-66.55
-3.29154	-28.68138	-66.66
-3.04266	-27.48594	-66.765
-3.29154	-27.08814	-66.869
-4.03818	-25.8927	-66.968
-3.7893	-24.69828	-67.063
-4.28808	-24.69828	-67.157
-3.54042	-25.09608	-67.253
-3.54042	-24.69828	-67.348
-3.54042	-24.29946	-67.441
-4.03818	-23.50284	-67.531
-4.28808	-22.70622	-67.618
-4.53696	-21.51078	-67.7
-4.03818	-21.51078	-67.783
-4.28808	-21.51078	-67.865
-3.7893	-21.51078	-67.948
-3.54042	-21.11298	-68.028
-3.7893	-20.71416	-68.108
-4.03818	-19.51974	-68.182
-4.53696	-18.7221	-68.254
-4.28808	-18.7221	-68.326
-4.03818	-18.3243	-68.396
-3.7893	-18.7221	-68.468
-4.28808	-18.3243	-68.538
-4.03818	-17.92548	-68.607
-4.28808	-17.12886	-68.672
-4.03818	-16.33224	-68.735
-3.7893	-16.33224	-68.797
-4.03818	-15.93444	-68.858
-4.03818	-15.93444	-68.919
-3.54042	-15.93444	-68.98
-4.03818	-15.93444	-69.041
-3.7893	-14.34018	-69.096
-4.28808	-14.34018	-69.151
-3.7893	-13.94238	-69.205
-3.54042	-14.34018	-69.259
-3.7893	-14.34018	-69.314
-4.03818	-13.94238	-69.368
-3.7893	-13.14576	-69.418
-4.03818	-12.74694	-69.467
-4.28808	-12.34914	-69.514
-4.28808	-11.95032	-69.56
-3.7893	-12.34914	-69.607
-3.7893	-11.95032	-69.653
-3.7893	-12.34914	-69.7
-3.7893	-11.55252	-69.745
-4.03818	-11.55252	-69.789
-3.7893	-11.1537	-69.832
-4.03818	-10.35708	-69.871
-4.28808	-10.7559	-69.912
-4.28808	-9.95928	-69.951
-4.78584	-10.35708	-69.99
-4.03818	-10.35708	-70.03
-4.53696	-9.95928	-70.068
-4.78584	-9.95928	-70.106
-4.53696	-9.16164	-70.141
-4.78584	-9.16164	-70.176
-5.2836	-8.36502	-70.208
-5.2836	-8.76384	-70.242
-4.78584	-9.16164	-70.277
-5.2836	-8.76384	-70.311
-5.2836	-8.76384	-70.344
-5.2836	-7.96722	-70.375
-5.78136	-7.5684	-70.404
-5.53248	-7.5684	-70.433
-6.28014	-7.5684	-70.462
-6.03024	-7.5684	-70.491
-5.53248	-7.96722	-70.521
-5.78136	-7.5684	-70.55
-6.28014	-7.1706	-70.578
-6.03024	-6.77178	-70.604
-6.52902	-6.37398	-70.628
-6.52902	-6.37398	-70.652
-6.7779	-6.77178	-70.678
-6.52902	-6.77178	-70.704
-6.52902	-6.77178	-70.73
-6.28014	-6.37398	-70.755
-6.7779	-5.57736	-70.776
-7.27566	-5.57736	-70.797
-6.7779	-5.17854	-70.817
-7.02678	-5.97516	-70.84
-6.7779	-5.97516	-70.863
-6.52902	-5.97516	-70.886
-6.28014	-5.57736	-70.907
-6.7779	-5.17854	-70.927
-6.7779	-4.38192	-70.944
-7.02678	-4.38192	-70.96
-7.27566	-5.17854	-70.98
-8.52108	-5.17854	-71
-8.52108	-5.57736	-71.022
-8.2722	-5.17854	-71.041
-7.27566	-3.9831	-71.057
-7.02678	-3.9831	-71.072
-6.7779	-2.78868	-71.083
-7.52454	0.39882	-71.081
-7.77342	2.38986	-71.072
-7.02678	1.99206	-71.064
-7.02678	0.39882	-71.063
-6.28014	-0.79662	-71.066
-6.7779	-1.19544	-71.07
-6.52902	-0.39882	-71.072
0	0	0
